# 1.6mm H2O, airmass=1.5

0.900000   0.948654
0.900500   0.942270
0.901000   0.947468
0.901500   0.946108
0.902000   0.941138
0.902500   0.944661
0.903000   0.956764
0.903500   0.978545
0.904000   0.987198
 0.904500   0.985155
 0.905000   0.985933
 0.905500   0.983675
 0.906000   0.980373
 0.906500   0.967384
 0.907000   0.943643
 0.907500   0.936187
 0.908000   0.947027
 0.908500   0.948955
 0.909000   0.954411
 0.909500   0.960169
 0.910000   0.955615
 0.910500   0.950850
 0.911000   0.957920
 0.911500   0.968951
 0.912000   0.960049
 0.912500   0.962144
 0.913000   0.951225
 0.913500   0.932353
 0.914000   0.942717
 0.914500   0.969754
 0.915000   0.965365
 0.915500   0.932753
 0.916000   0.937585
 0.916500   0.969009
 0.917000   0.970596
 0.917500   0.948742
 0.918000   0.949352
 0.918500   0.965726
 0.919000   0.975516
 0.919500   0.976791
 0.920000   0.980078
 0.920500   0.988850
 0.921000   0.987226
 0.921500   0.981262
 0.922000   0.979548
 0.922500   0.985318
 0.923000   0.986866
 0.923500   0.984321
 0.924000   0.980954
 0.924500   0.978778
 0.925000   0.978388
 0.925500   0.982463
 0.926000   0.983853
 0.926500   0.984372
 0.927000   0.987250
 0.927500   0.977302
 0.928000   0.957896
 0.928500   0.950821
 0.929000   0.949588
 0.929500   0.936239
 0.930000   0.912281
 0.930500   0.895657
 0.931000   0.871601
 0.931500   0.836746
 0.932000   0.796466
 0.932500   0.784504
 0.933000   0.791712
 0.933500   0.778925
 0.934000   0.730238
 0.934500   0.689957
 0.935000   0.748015
 0.935500   0.756215
 0.936000   0.724900
 0.936500   0.771703
 0.937000   0.754404
 0.937500   0.751159
 0.938000   0.763841
 0.938500   0.779592
 0.939000   0.846616
 0.939500   0.916115
 0.940000   0.918993
 0.940500   0.902259
 0.941000   0.889363
 0.941500   0.881720
 0.942000   0.883934
 0.942500   0.846681
 0.943000   0.785517
 0.943500   0.814545
 0.944000   0.775153
 0.944500   0.749129
 0.945000   0.842947
 0.945500   0.847050
 0.946000   0.793236
 0.946500   0.813635
 0.947000   0.860710
 0.947500   0.867957
 0.948000   0.836124
 0.948500   0.831939
 0.949000   0.887025
  0.949500   0.837512
  0.950000   0.765804
  0.950500   0.804802
  0.951000   0.899172
  0.951500   0.898838
  0.952000   0.828835
  0.952500   0.814234
  0.953000   0.860126
  0.953500   0.894153
  0.954000   0.882984
  0.954500   0.849349
  0.955000   0.859827
  0.955500   0.865675
  0.956000   0.861372
  0.956500   0.858717
  0.957000   0.855468
  0.957500   0.904725
  0.958000   0.905174
  0.958500   0.880795
  0.959000   0.859772
  0.959500   0.853298
  0.960000   0.893632
  0.960500   0.912352
  0.961000   0.920746
  0.961500   0.934287
  0.962000   0.916878
  0.962500   0.900972
  0.963000   0.926794
  0.963500   0.938201
  0.964000   0.909834
  0.964500   0.906022
  0.965000   0.925492
  0.965500   0.953079
  0.966000   0.945531
  0.966500   0.926942
  0.967000   0.939247
  0.967500   0.963107
  0.968000   0.970026
  0.968500   0.969073
  0.969000   0.982198
  0.969500   0.985010
  0.970000   0.977449
  0.970500   0.973962
  0.971000   0.981516
  0.971500   0.977721
  0.972000   0.974243
  0.972500   0.973712
  0.973000   0.972839
  0.973500   0.963881
  0.974000   0.953921
  0.974500   0.955559
  0.975000   0.956370
  0.975500   0.954694
  0.976000   0.952368
  0.976500   0.960257
  0.977000   0.976785
  0.977500   0.983021
  0.978000   0.975044
  0.978500   0.970744
  0.979000   0.973373
  0.979500   0.970194
  0.980000   0.972061
  0.980500   0.976089
  0.981000   0.987769
  0.981500   0.991617
  0.982000   0.989496
  0.982500   0.985568
  0.983000   0.985701
  0.983500   0.991358
  0.984000   0.994686
  0.984500   0.993137
  0.985000   0.991633
  0.985500   0.994589
  0.986000   0.997970
  0.986500   0.998532
  0.987000   0.997169
  0.987500   0.996260
  0.988000   0.997617
  0.988500   0.999203
  0.989000   0.999440
  0.989500   0.998697
  0.990000   0.997875
  0.990500   0.998411
  0.991000   0.999130
  0.991500   0.999395
  0.992000   0.999422
  0.992500   0.998854
  0.993000   0.998370
  0.993500   0.999084
  0.994000   0.999641
  0.994500   0.999782
  0.995000   0.999814
  0.995500   0.999674
  0.996000   0.999664
  0.996500   0.999777
  0.997000   0.999731
  0.997500   0.999677
  0.998000   0.999590
  0.998500   0.999655
  0.999000   0.999624
  0.999500   0.999449
   1.00000   0.999452
   1.00050   0.999674
   1.00100   0.999647
   1.00150   0.998836
   1.00200   0.997946
   1.00250   0.998486
   1.00300   0.999449
   1.00350   0.999617
   1.00400   0.999258
   1.00450   0.999361
   1.00500   0.999567
   1.00550   0.999433
   1.00600   0.999526
   1.00650   0.999679
   1.00700   0.999666
   1.00750   0.999518
   1.00800   0.999270
   1.00850   0.999172
   1.00900   0.998637
   1.00950   0.998235
   1.01000   0.998769
   1.01050   0.999405
   1.01100   0.999681
   1.01150   0.999602
   1.01200   0.999323
   1.01250   0.999492
   1.01300   0.999763
   1.01350   0.999849
   1.01400   0.999809
   1.01450   0.999670
   1.01500   0.999663
   1.01550   0.999578
   1.01600   0.999730
   1.01650   0.999822
   1.01700   0.999707
   1.01750   0.999713
   1.01800   0.999864
   1.01850   0.999851
   1.01900   0.999416
   1.01950   0.999160
   1.02000   0.999603
   1.02050   0.999814
   1.02100   0.999849
   1.02150   0.999711
   1.02200   0.999722
   1.02250   0.999716
   1.02300   0.999454
   1.02350   0.999075
   1.02400   0.998936
   1.02450   0.999573
   1.02500   0.999873
   1.02550   0.999826
   1.02600   0.999803
   1.02650   0.999840
   1.02700   0.999711
   1.02750   0.999519
   1.02800   0.999688
   1.02850   0.999762
   1.02900   0.999815
   1.02950   0.999908
   1.03000   0.999946
   1.03050   0.999960
   1.03100   0.999918
   1.03150   0.999883
   1.03200   0.999949
   1.03250   0.999990
   1.03300   0.999977
   1.03350   0.999966
   1.03400   0.999988
   1.03450   0.999999
   1.03500   0.999999
   1.03550   0.999987
   1.03600   0.999960
   1.03650   0.999907
   1.03700   0.999857
   1.03750   0.999883
   1.03800   0.999949
   1.03850   0.999970
   1.03900   0.999952
   1.03950   0.999942
   1.04000   0.999944
   1.04050   0.999959
   1.04100   0.999978
   1.04150   0.999992
   1.04200   0.999999
   1.04250   1.000000
   1.04300    1.00000
   1.04350    1.00000
   1.04400    1.00000
   1.04450    1.00000
   1.04500    1.00000
   1.04550    1.00000
   1.04600    1.00000
   1.04650    1.00000
   1.04700    1.00000
   1.04750   1.000000
   1.04800   0.999996
   1.04850   0.999938
   1.04900   0.999708
   1.04950   0.999489
   1.05000   0.999585
   1.05050   0.999812
   1.05100   0.999888
   1.05150   0.999833
   1.05200   0.999792
   1.05250   0.999806
   1.05300   0.999850
   1.05350   0.999895
   1.05400   0.999930
   1.05450   0.999956
   1.05500   0.999975
   1.05550   0.999986
   1.05600   0.999991
   1.05650   0.999991
   1.05700   0.999987
   1.05750   0.999984
   1.05800   0.999975
   1.05850   0.999968
   1.05900   0.999953
   1.05950   0.999961
   1.06000   0.999953
   1.06050   0.999954
   1.06100   0.999937
   1.06150   0.999924
   1.06200   0.999833
   1.06250   0.999689
   1.06300   0.999630
   1.06350   0.999551
   1.06400   0.999452
   1.06450   0.999223
   1.06500   0.999143
   1.06550   0.999265
   1.06600   0.999358
   1.06650   0.999460
   1.06700   0.999320
   1.06750   0.998738
   1.06800   0.998397
   1.06850   0.998842
   1.06900   0.999116
   1.06950   0.999013
   1.07000   0.999058
   1.07050   0.999346
   1.07100   0.999615
   1.07150   0.999471
   1.07200   0.999014
   1.07250   0.998782
   1.07300   0.999174
   1.07350   0.999633
   1.07400   0.999161
   1.07450   0.997460
   1.07500   0.997703
   1.07550   0.999305
   1.07600   0.999643
   1.07650   0.999299
   1.07700   0.997739
   1.07750   0.995892
   1.07800   0.997439
   1.07850   0.998967
   1.07900   0.999435
   1.07950   0.998522
   1.08000   0.996039
   1.08050   0.995377
   1.08100   0.996175
   1.08150   0.996278
   1.08200   0.997916
   1.08250   0.999084
   1.08300   0.997164
   1.08350   0.993476
   1.08400   0.994690
   1.08450   0.996819
   1.08500   0.997534
   1.08550   0.994862
   1.08600   0.986948
   1.08650   0.986943
   1.08700   0.993688
   1.08750   0.996690
   1.08800   0.997774
   1.08850   0.996961
   1.08900   0.994510
   1.08950   0.993157
   1.09000   0.991080
   1.09050   0.989124
   1.09100   0.994849
   1.09150   0.998258
   1.09200   0.993379
   1.09250   0.980956
   1.09300   0.982794
   1.09350   0.992623
   1.09400   0.994362
   1.09450   0.989816
   1.09500   0.987046
   1.09550   0.986598
   1.09600   0.982533
   1.09650   0.989097
   1.09700   0.994809
   1.09750   0.988697
   1.09800   0.983299
   1.09850   0.984920
   1.09900   0.981452
   1.09950   0.972369
   1.10000   0.972351
   1.10050   0.977640
   1.10100   0.977123
   1.10150   0.977883
   1.10200   0.971043
   1.10250   0.968623
   1.10300   0.970545
   1.10350   0.975563
   1.10400   0.970007
   1.10450   0.963794
   1.10500   0.973415
   1.10550   0.971069
   1.10600   0.958290
   1.10650   0.956328
   1.10700   0.973571
   1.10750   0.975610
   1.10800   0.955917
   1.10850   0.945755
   1.10900   0.956992
   1.10950   0.969107
   1.11000   0.966012
   1.11050   0.939959
   1.11100   0.920135
   1.11150   0.925545
   1.11200   0.948692
   1.11250   0.933251
   1.11300   0.876186
   1.11350   0.851763
   1.11400   0.889769
   1.11450   0.910296
   1.11500   0.841800
   1.11550   0.817737
   1.11600   0.789890
   1.11650   0.686181
   1.11700   0.699684
   1.11750   0.783042
   1.11800   0.833176
   1.11850   0.788880
   1.11900   0.720396
   1.11950   0.728391
   1.12000   0.757344
   1.12050   0.779253
   1.12100   0.815802
   1.12150   0.748593
   1.12200   0.625861
   1.12250   0.579093
   1.12300   0.686282
   1.12350   0.703119
   1.12400   0.724877
   1.12450   0.818729
   1.12500   0.739023
   1.12550   0.575220
   1.12600   0.623246
   1.12650   0.750044
   1.12700   0.792277
   1.12750   0.721815
   1.12800   0.708645
   1.12850   0.743655
   1.12900   0.732202
   1.12950   0.691436
   1.13000   0.704174
   1.13050   0.828487
   1.13100   0.910727
   1.13150   0.912520
   1.13200   0.886162
   1.13250   0.842981
   1.13300   0.782162
   1.13350   0.667562
   1.13400   0.569252
   1.13450   0.425347
   1.13500   0.430525
   1.13550   0.638204
   1.13600   0.726293
   1.13650   0.826607
   1.13700   0.907367
   1.13750   0.875251
   1.13800   0.848953
   1.13850   0.836608
   1.13900   0.897902
   1.13950   0.908410
   1.14000   0.857842
   1.14050   0.844483
   1.14100   0.809568
   1.14150   0.820806
   1.14200   0.854212
   1.14250   0.892016
   1.14300   0.918704
   1.14350   0.869072
   1.14400   0.761278
   1.14450   0.729615
   1.14500   0.757038
   1.14550   0.768671
   1.14600   0.772257
   1.14650   0.719294
   1.14700   0.680704
   1.14750   0.730166
   1.14800   0.853410
   1.14850   0.870374
   1.14900   0.825745
   1.14950   0.776315
   1.15000   0.763452
   1.15050   0.841766
   1.15100   0.853065
   1.15150   0.852384
   1.15200   0.817911
   1.15250   0.766774
   1.15300   0.821260
   1.15350   0.864742
   1.15400   0.826659
   1.15450   0.847765
   1.15500   0.885408
   1.15550   0.868207
   1.15600   0.874482
   1.15650   0.913144
   1.15700   0.924995
   1.15750   0.900897
   1.15800   0.897519
   1.15850   0.915011
   1.15900   0.906591
   1.15950   0.918299
   1.16000   0.911739
   1.16050   0.907733
   1.16100   0.936403
   1.16150   0.949203
   1.16200   0.944764
   1.16250   0.948642
   1.16300   0.972327
   1.16350   0.969878
   1.16400   0.969258
   1.16450   0.974017
   1.16500   0.958576
   1.16550   0.945447
   1.16600   0.950553
   1.16650   0.961556
   1.16700   0.966523
   1.16750   0.973922
   1.16800   0.973221
   1.16850   0.972920
   1.16900   0.978206
   1.16950   0.980222
   1.17000   0.981184
   1.17050   0.976008
   1.17100   0.976547
   1.17150   0.982596
   1.17200   0.979140
   1.17250   0.974704
   1.17300   0.974501
   1.17350   0.958697
   1.17400   0.938513
   1.17450   0.958885
   1.17500   0.975557
   1.17550   0.975021
   1.17600   0.988260
   1.17650   0.994002
   1.17700   0.980372
   1.17750   0.949508
   1.17800   0.949525
   1.17850   0.972612
   1.17900   0.981544
   1.17950   0.969594
   1.18000   0.975340
   1.18050   0.987625
   1.18100   0.977929
   1.18150   0.941932
   1.18200   0.916442
   1.18250   0.949461
   1.18300   0.982671
   1.18350   0.986757
   1.18400   0.969196
   1.18450   0.951621
   1.18500   0.956697
   1.18550   0.978990
   1.18600   0.988531
   1.18650   0.985182
   1.18700   0.976861
   1.18750   0.954704
   1.18800   0.939069
   1.18850   0.951637
   1.18900   0.971985
   1.18950   0.982253
   1.19000   0.984752
   1.19050   0.980359
   1.19100   0.981037
   1.19150   0.985026
   1.19200   0.987986
   1.19250   0.991293
   1.19300   0.983971
   1.19350   0.974746
   1.19400   0.984188
   1.19450   0.988584
   1.19500   0.983569
   1.19550   0.980270
   1.19600   0.982935
   1.19650   0.987270
   1.19700   0.986618
   1.19750   0.978813
   1.19800   0.980855
   1.19850   0.971897
   1.19900   0.961843
   1.19950   0.974741
   1.20000   0.983190
 1.20050   0.981964
 1.20100   0.978773
 1.20150   0.973377
 1.20200   0.974917
 1.20250   0.985326
 1.20300   0.977496
 1.20350   0.944434
 1.20400   0.936448
 1.20450   0.961981
  1.20500   0.968605
  1.20550   0.981381
  1.20600   0.989106
  1.20650   0.982717
  1.20700   0.977013
  1.20750   0.976124
  1.20800   0.976634
  1.20850   0.978362
  1.20900   0.976562
  1.20950   0.977756
  1.21000   0.982973
  1.21050   0.989250
  1.21100   0.982825
  1.21150   0.975368
  1.21200   0.980099
  1.21250   0.985002
  1.21300   0.991563
  1.21350   0.991791
  1.21400   0.985006
  1.21450   0.981860
  1.21500   0.983106
  1.21550   0.988560
  1.21600   0.993286
  1.21650   0.990601
  1.21700   0.990397
  1.21750   0.993539
  1.21800   0.990053
  1.21850   0.986350
  1.21900   0.983398
  1.21950   0.984957
  1.22000   0.988633
  1.22050   0.991860
  1.22100   0.992328
  1.22150   0.986436
  1.22200   0.985590
  1.22250   0.987027
  1.22300   0.988197
  1.22350   0.988667
  1.22400   0.990009
  1.22450   0.993038
  1.22500   0.994105
  1.22550   0.994089
  1.22600   0.995171
  1.22650   0.993444
  1.22700   0.990217
  1.22750   0.992936
  1.22800   0.996877
  1.22850   0.997753
  1.22900   0.996750
  1.22950   0.995914
  1.23000   0.996826
  1.23050   0.998364
  1.23100   0.998967
  1.23150   0.998883
  1.23200   0.998834
  1.23250   0.997977
  1.23300   0.996776
  1.23350   0.997367
  1.23400   0.999008
  1.23450   0.999468
  1.23500   0.999303
  1.23550   0.999318
  1.23600   0.999496
  1.23650   0.999138
  1.23700   0.999013
  1.23750   0.999507
  1.23800   0.999662
  1.23850   0.999657
  1.23900   0.999799
  1.23950   0.999921
  1.24000   0.999819
  1.24050   0.999496
  1.24100   0.999474
  1.24150   0.999785
  1.24200   0.999937
  1.24250   0.999972
  1.24300   0.999982
  1.24350   0.999936
  1.24400   0.999796
  1.24450   0.999773
  1.24500   0.999830
  1.24550   0.999858
  1.24600   0.999864
  1.24650   0.999655
  1.24700   0.999669
  1.24750   0.999586
  1.24800   0.998969
  1.24850   0.999182
  1.24900   0.999223
  1.24950   0.998261
   1.25000   0.998700
   1.25050   0.998587
   1.25100   0.996748
   1.25150   0.997608
   1.25200   0.997834
   1.25250   0.994814
   1.25300   0.995997
   1.25350   0.997178
   1.25400   0.992464
   1.25450   0.993117
   1.25500   0.996493
   1.25550   0.991123
   1.25600   0.989697
   1.25650   0.995638
   1.25700   0.991237
   1.25750   0.985451
   1.25800   0.992316
   1.25850   0.990902
   1.25900   0.979553
   1.25950   0.981838
   1.26000   0.983431
   1.26050   0.968600
   1.26100   0.960381
   1.26150   0.963959
   1.26200   0.953670
   1.26250   0.937863
   1.26300   0.940169
   1.26350   0.939693
   1.26400   0.924447
   1.26450   0.920700
   1.26500   0.930985
   1.26550   0.928900
   1.26600   0.919060
   1.26650   0.929692
   1.26700   0.945111
   1.26750   0.945282
   1.26800   0.899087
   1.26850   0.784339
   1.26900   0.758176
   1.26950   0.853277
   1.27000   0.930262
   1.27050   0.957934
   1.27100   0.963815
   1.27150   0.964836
   1.27200   0.961788
   1.27250   0.961196
   1.27300   0.961872
   1.27350   0.967564
   1.27400   0.963418
   1.27450   0.966112
   1.27500   0.969241
   1.27550   0.976962
   1.27600   0.973136
   1.27650   0.973427
   1.27700   0.980372
   1.27750   0.984600
   1.27800   0.985305
   1.27850   0.982528
   1.27900   0.989911
   1.27950   0.992007
   1.28000   0.990550
   1.28050   0.989450
   1.28100   0.993592
   1.28150   0.997412
   1.28200   0.995688
   1.28250   0.993663
   1.28300   0.996647
   1.28350   0.998384
   1.28400   0.997067
   1.28450   0.994882
   1.28500   0.996985
   1.28550   0.999208
   1.28600   0.998780
   1.28650   0.997108
   1.28700   0.997172
   1.28750   0.998351
   1.28800   0.997678
   1.28850   0.995288
   1.28900   0.994508
   1.28950   0.996863
   1.29000   0.998151
   1.29050   0.998247
   1.29100   0.997249
   1.29150   0.994203
   1.29200   0.993317
   1.29250   0.995928
   1.29300   0.997616
   1.29350   0.997860
   1.29400   0.997272
   1.29450   0.997292
   1.29500   0.995935
   1.29550   0.993070
   1.29600   0.993259
   1.29650   0.993791
   1.29700   0.989695
   1.29750   0.988357
   1.29800   0.993488
   1.29850   0.996987
   1.29900   0.995085
   1.29950   0.988373
   1.30000   0.985354
   1.30050   0.982596
   1.30100   0.984381
   1.30150   0.992523
   1.30200   0.994774
   1.30250   0.988664
   1.30300   0.980634
   1.30350   0.971293
   1.30400   0.962918
   1.30450   0.969263
   1.30500   0.987720
   1.30550   0.991306
   1.30600   0.985716
   1.30650   0.968053
   1.30700   0.967671
   1.30750   0.978376
   1.30800   0.971561
   1.30850   0.979002
   1.30900   0.984302
   1.30950   0.962535
   1.31000   0.950377
   1.31050   0.956719
   1.31100   0.976448
   1.31150   0.990140
   1.31200   0.978798
   1.31250   0.966486
   1.31300   0.956840
   1.31350   0.934889
   1.31400   0.939970
   1.31450   0.958249
   1.31500   0.960607
   1.31550   0.962254
   1.31600   0.974172
   1.31650   0.970949
   1.31700   0.954463
   1.31750   0.971178
   1.31800   0.968766
   1.31850   0.946931
   1.31900   0.945659
   1.31950   0.942867
   1.32000   0.918592
   1.32050   0.929011
   1.32100   0.950730
   1.32150   0.945695
   1.32200   0.955817
   1.32250   0.946827
   1.32300   0.926178
   1.32350   0.936737
   1.32400   0.941362
   1.32450   0.956181
   1.32500   0.965625
   1.32550   0.949400
   1.32600   0.957974
   1.32650   0.958642
   1.32700   0.939564
   1.32750   0.937278
   1.32800   0.916788
   1.32850   0.879224
   1.32900   0.878624
   1.32950   0.913538
   1.33000   0.924358
   1.33050   0.907027
   1.33100   0.864149
   1.33150   0.834164
   1.33200   0.830201
   1.33250   0.843688
   1.33300   0.889382
   1.33350   0.871627
   1.33400   0.859372
   1.33450   0.904001
   1.33500   0.918914
   1.33550   0.905105
   1.33600   0.866219
   1.33650   0.897052
   1.33700   0.880653
   1.33750   0.842492
   1.33800   0.866221
   1.33850   0.905274
   1.33900   0.903538
   1.33950   0.903040
   1.34000   0.857331
   1.34050   0.827196
   1.34100   0.874881
   1.34150   0.881135
   1.34200   0.912678
   1.34250   0.918185
   1.34300   0.902951
   1.34350   0.859701
   1.34400   0.738835
   1.34450   0.709692
   1.34500   0.798344
   1.34550   0.816491
   1.34600   0.786334
   1.34650   0.762971
   1.34700   0.768541
   1.34750   0.643887
   1.34800   0.491810
   1.34850   0.508059
   1.34900   0.629390
   1.34950   0.706715
   1.35000   0.576285
   1.35050   0.462633
   1.35100   0.527266
   1.35150   0.509747
   1.35200   0.483102
   1.35250   0.445504
   1.35300   0.356107
   1.35350   0.342676
   1.35400   0.328445
   1.35450   0.197219
   1.35500   0.164488
   1.35550   0.218198
   1.35600   0.276226
   1.35650   0.365766
   1.35700   0.283954
   1.35750   0.194598
   1.35800   0.208406
   1.35850   0.205095
   1.35900   0.199447
   1.35950   0.156136
   1.36000   0.177611
   1.36050   0.153180
   1.36100    6.62577E-02
   1.36150    2.66995E-02
   1.36200    1.51404E-02
   1.36250    5.98374E-02
   1.36300   0.209144
   1.36350   0.297767
   1.36400   0.196222
   1.36450    6.98286E-02
   1.36500    4.96920E-02
   1.36550   0.135551
   1.36600   0.302574
   1.36650   0.337787
   1.36700   0.217834
   1.36750    1.00855E-01
   1.36800    4.70564E-02
   1.36850    6.26280E-02
   1.36900   0.149675
   1.36950   0.198916
   1.37000   0.149135
   1.37050   0.118841
   1.37100    9.56551E-02
   1.37150   0.140676
   1.37200   0.195606
   1.37250   0.283089
   1.37300   0.326103
   1.37350   0.354299
   1.37400   0.386147
   1.37450   0.322281
   1.37500   0.360891
   1.37550   0.453086
   1.37600   0.377087
   1.37650   0.327164
   1.37700   0.320174
   1.37750   0.495142
   1.37800   0.519425
   1.37850   0.294434
   1.37900   0.276679
   1.37950   0.407687
   1.38000   0.299731
   1.38050    1.03512E-01
   1.38100   0.109494
   1.38150   0.214145
   1.38200   0.162237
   1.38250    6.52233E-02
   1.38300    6.09866E-02
   1.38350   0.109256
   1.38400   0.178010
   1.38450   0.220932
   1.38500   0.158425
   1.38550   0.168395
   1.38600   0.233275
   1.38650   0.331220
   1.38700   0.442871
   1.38750   0.345280
   1.38800   0.172340
   1.38850   0.275885
   1.38900   0.499047
   1.38950   0.535737
   1.39000   0.472701
   1.39050   0.478809
   1.39100   0.483321
   1.39150   0.449178
   1.39200   0.237272
   1.39250   0.132192
   1.39300   0.295937
   1.39350   0.433298
   1.39400   0.392175
   1.39450   0.258722
   1.39500    1.01425E-01
   1.39550    5.64375E-02
   1.39600    7.69295E-02
   1.39650   0.126794
   1.39700   0.284888
   1.39750   0.501226
   1.39800   0.592373
   1.39850   0.580968
   1.39900   0.481826
   1.39950   0.249707
   1.40000   0.114295
   1.40050    6.69293E-02
   1.40100    7.63803E-02
   1.40150   0.167137
   1.40200   0.417217
   1.40250   0.602445
   1.40300   0.547245
   1.40350   0.490765
   1.40400   0.338334
   1.40450   0.167855
   1.40500   0.142995
   1.40550   0.336699
   1.40600   0.535478
   1.40650   0.441941
   1.40700   0.209916
   1.40750   0.264541
   1.40800   0.480982
   1.40850   0.469298
   1.40900   0.267194
   1.40950   0.176476
   1.41000   0.328066
   1.41050   0.466136
   1.41100   0.497142
   1.41150   0.517930
   1.41200   0.494083
   1.41250   0.528470
   1.41300   0.670770
   1.41350   0.543994
   1.41400   0.315460
   1.41450   0.215553
   1.41500   0.281061
   1.41550   0.462164
   1.41600   0.679135
   1.41650   0.731140
   1.41700   0.647579
   1.41750   0.573938
   1.41800   0.580755
   1.41850   0.508240
   1.41900   0.292362
   1.41950   0.289450
   1.42000   0.447425
   1.42050   0.533599
   1.42100   0.596804
   1.42150   0.673366
   1.42200   0.744543
   1.42250   0.689326
   1.42300   0.530980
   1.42350   0.431204
   1.42400   0.491623
   1.42450   0.675004
   1.42500   0.674831
   1.42550   0.558107
   1.42600   0.613803
   1.42650   0.753543
   1.42700   0.695788
   1.42750   0.561568
   1.42800   0.504341
   1.42850   0.511057
   1.42900   0.608029
   1.42950   0.705028
   1.43000   0.748174
   1.43050   0.790472
   1.43100   0.613405
   1.43150   0.423867
   1.43200   0.373470
   1.43250   0.385777
   1.43300   0.555137
   1.43350   0.672079
   1.43400   0.582412
   1.43450   0.536952
   1.43500   0.644952
   1.43550   0.689954
   1.43600   0.636357
   1.43650   0.633261
   1.43700   0.588406
   1.43750   0.429183
   1.43800   0.480450
   1.43850   0.686126
   1.43900   0.692260
   1.43950   0.588509
   1.44000   0.660672
   1.44050   0.723990
   1.44100   0.676157
   1.44150   0.617975
   1.44200   0.686400
   1.44250   0.661564
   1.44300   0.628641
   1.44350   0.763524
   1.44400   0.785264
   1.44450   0.759266
   1.44500   0.672885
   1.44550   0.438539
   1.44600   0.472890
   1.44650   0.673442
   1.44700   0.705155
   1.44750   0.771982
   1.44800   0.831514
   1.44850   0.835559
   1.44900   0.856568
   1.44950   0.796607
   1.45000   0.602390
   1.45050   0.417076
   1.45100   0.460663
   1.45150   0.674837
   1.45200   0.740778
   1.45250   0.746815
   1.45300   0.790204
   1.45350   0.875651
   1.45400   0.906380
   1.45450   0.855457
   1.45500   0.740161
   1.45550   0.706508
   1.45600   0.833406
   1.45650   0.890081
   1.45700   0.867164
   1.45750   0.829506
   1.45800   0.862152
   1.45850   0.921453
   1.45900   0.933240
   1.45950   0.903528
   1.46000   0.796659
   1.46050   0.751729
   1.46100   0.795446
   1.46150   0.818978
   1.46200   0.886126
   1.46250   0.854437
   1.46300   0.714736
   1.46350   0.744172
   1.46400   0.885306
   1.46450   0.899101
   1.46500   0.749455
   1.46550   0.696033
   1.46600   0.719099
   1.46650   0.670840
   1.46700   0.677860
   1.46750   0.741448
   1.46800   0.811650
   1.46850   0.882057
   1.46900   0.821356
   1.46950   0.689987
   1.47000   0.681842
   1.47050   0.596856
   1.47100   0.555473
   1.47150   0.693104
   1.47200   0.692504
   1.47250   0.643489
   1.47300   0.730927
   1.47350   0.761093
   1.47400   0.825224
   1.47450   0.926959
   1.47500   0.933974
   1.47550   0.829277
   1.47600   0.768126
   1.47650   0.807752
   1.47700   0.773674
   1.47750   0.737137
   1.47800   0.728135
   1.47850   0.838802
   1.47900   0.856256
   1.47950   0.790548
   1.48000   0.731276
   1.48050   0.698974
   1.48100   0.796290
   1.48150   0.777120
   1.48200   0.738904
   1.48250   0.846352
   1.48300   0.913145
   1.48350   0.922818
   1.48400   0.878982
   1.48450   0.829555
   1.48500   0.866690
   1.48550   0.882665
   1.48600   0.858853
   1.48650   0.794350
   1.48700   0.795396
   1.48750   0.832984
   1.48800   0.842272
   1.48850   0.892043
   1.48900   0.925376
   1.48950   0.895341
   1.49000   0.918729
   1.49050   0.964423
   1.49100   0.923781
   1.49150   0.867480
   1.49200   0.900942
   1.49250   0.930368
   1.49300   0.941320
   1.49350   0.958792
   1.49400   0.955063
   1.49450   0.939097
   1.49500   0.915747
   1.49550   0.911000
   1.49600   0.912630
   1.49650   0.914039
   1.49700   0.951242
   1.49750   0.962185
   1.49800   0.942913
   1.49850   0.953168
   1.49900   0.962683
   1.49950   0.962687
   1.50000   0.976127
   1.50050   0.987873
   1.50100   0.988915
   1.50150   0.978267
   1.50200   0.968245
   1.50250   0.964149
   1.50300   0.952026
   1.50350   0.930347
   1.50400   0.910647
   1.50450   0.921950
   1.50500   0.949984
   1.50550   0.978659
   1.50600   0.990180
   1.50650   0.994654
   1.50700   0.989170
   1.50750   0.984464
   1.50800   0.970488
   1.50850   0.939241
   1.50900   0.940464
   1.50950   0.975258
   1.51000   0.989160
   1.51050   0.988591
   1.51100   0.989222
   1.51150   0.991763
   1.51200   0.989753
   1.51250   0.982265
   1.51300   0.980492
   1.51350   0.978270
   1.51400   0.977114
   1.51450   0.983816
   1.51500   0.989752
   1.51550   0.993510
   1.51600   0.987815
   1.51650   0.981240
   1.51700   0.981664
   1.51750   0.982419
   1.51800   0.986983
   1.51850   0.987771
   1.51900   0.984376
   1.51950   0.988020
   1.52000   0.992537
   1.52050   0.993898
   1.52100   0.996880
   1.52150   0.995895
   1.52200   0.995165
   1.52250   0.998102
   1.52300   0.998530
   1.52350   0.997494
   1.52400   0.996642
   1.52450   0.994038
   1.52500   0.993946
   1.52550   0.993713
   1.52600   0.993061
   1.52650   0.992550
   1.52700   0.992221
   1.52750   0.994028
   1.52800   0.996662
   1.52850   0.996541
   1.52900   0.996339
   1.52950   0.996204
   1.53000   0.995676
   1.53050   0.996101
   1.53100   0.994965
   1.53150   0.994058
   1.53200   0.995719
   1.53250   0.995789
   1.53300   0.994631
   1.53350   0.993077
   1.53400   0.991478
   1.53450   0.990239
   1.53500   0.989070
   1.53550   0.989680
   1.53600   0.991399
   1.53650   0.993151
   1.53700   0.994556
   1.53750   0.996615
   1.53800   0.997626
   1.53850   0.996225
   1.53900   0.994022
   1.53950   0.992960
   1.54000   0.992898
   1.54050   0.992830
   1.54100   0.993067
   1.54150   0.993408
   1.54200   0.993820
   1.54250   0.994946
   1.54300   0.996148
   1.54350   0.997009
   1.54400   0.997002
   1.54450   0.997351
   1.54500   0.998492
   1.54550   0.998804
   1.54600   0.998827
   1.54650   0.999161
   1.54700   0.999538
   1.54750   0.999680
   1.54800   0.999747
   1.54850   0.999898
   1.54900   0.999957
   1.54950   0.999908
   1.55000   0.999905
   1.55050   0.999869
   1.55100   0.999727
   1.55150   0.999531
   1.55200   0.999232
   1.55250   0.999521
   1.55300   0.999876
   1.55350   0.999927
   1.55400   0.999782
   1.55450   0.999738
   1.55500   0.999903
   1.55550   0.999961
   1.55600   0.999858
   1.55650   0.999794
   1.55700   0.999909
   1.55750   0.999950
   1.55800   0.999853
   1.55850   0.999752
   1.55900   0.999777
   1.55950   0.999810
   1.56000   0.999819
   1.56050   0.999835
   1.56100   0.999836
   1.56150   0.999811
   1.56200   0.999451
   1.56250   0.999325
   1.56300   0.999658
   1.56350   0.999748
   1.56400   0.999556
   1.56450   0.999502
   1.56500   0.999757
   1.56550   0.999748
   1.56600   0.999569
   1.56650   0.999419
   1.56700   0.998895
   1.56750   0.997646
   1.56800   0.995226
   1.56850   0.991109
   1.56900   0.984467
   1.56950   0.975234
   1.57000   0.964163
   1.57050   0.952727
   1.57100   0.942431
   1.57150   0.934682
   1.57200   0.930290
   1.57250   0.929652
   1.57300   0.932669
   1.57350   0.939408
   1.57400   0.950297
   1.57450   0.964999
   1.57500   0.979779
   1.57550   0.983609
   1.57600   0.974103
   1.57650   0.962790
   1.57700   0.955258
   1.57750   0.951500
   1.57800   0.950629
   1.57850   0.951747
   1.57900   0.954432
   1.57950   0.958269
   1.58000   0.962654
   1.58050   0.967323
   1.58100   0.972054
   1.58150   0.976600
   1.58200   0.980834
   1.58250   0.984497
   1.58300   0.987513
   1.58350   0.990428
   1.58400   0.992995
   1.58450   0.994813
   1.58500   0.996168
   1.58550   0.997180
   1.58600   0.997703
   1.58650   0.998076
   1.58700   0.998400
   1.58750   0.998924
   1.58800   0.999493
   1.58850   0.999719
   1.58900   0.999806
   1.58950   0.999795
   1.59000   0.999626
   1.59050   0.999606
   1.59100   0.999684
   1.59150   0.999478
   1.59200   0.999361
   1.59250   0.999411
   1.59300   0.999673
   1.59350   0.999755
   1.59400   0.999421
   1.59450   0.999211
   1.59500   0.999479
   1.59550   0.999537
   1.59600   0.999160
   1.59650   0.998724
   1.59700   0.998103
   1.59750   0.997171
   1.59800   0.995456
   1.59850   0.991753
   1.59900   0.985847
   1.59950   0.977709
   1.60000   0.967902
   1.60050   0.957382
   1.60100   0.947361
   1.60150   0.939081
   1.60200   0.933282
   1.60250   0.930844
   1.60300   0.931917
   1.60350   0.936357
   1.60400   0.944567
   1.60450   0.956796
   1.60500   0.972188
   1.60550   0.984489
   1.60600   0.983245
   1.60650   0.972040
   1.60700   0.961620
   1.60750   0.954897
   1.60800   0.951228
   1.60850   0.950145
   1.60900   0.951139
   1.60950   0.953324
   1.61000   0.956358
   1.61050   0.960237
   1.61100   0.964884
   1.61150   0.969655
   1.61200   0.974316
   1.61250   0.978735
   1.61300   0.982687
   1.61350   0.986299
   1.61400   0.989509
   1.61450   0.991717
   1.61500   0.993204
   1.61550   0.994340
   1.61600   0.995103
   1.61650   0.995492
   1.61700   0.996078
   1.61750   0.996861
   1.61800   0.997288
   1.61850   0.997381
   1.61900   0.997678
   1.61950   0.998421
   1.62000   0.998802
   1.62050   0.998776
   1.62100   0.998729
   1.62150   0.998804
   1.62200   0.998989
   1.62250   0.999105
   1.62300   0.999097
   1.62350   0.998694
   1.62400   0.998469
   1.62450   0.999025
   1.62500   0.999183
   1.62550   0.998587
   1.62600   0.998171
   1.62650   0.998464
   1.62700   0.998196
   1.62750   0.997820
   1.62800   0.997434
   1.62850   0.997274
   1.62900   0.997993
   1.62950   0.998421
   1.63000   0.997172
   1.63050   0.994920
   1.63100   0.996114
   1.63150   0.997760
   1.63200   0.997498
   1.63250   0.995306
   1.63300   0.993580
   1.63350   0.995311
   1.63400   0.997154
   1.63450   0.997027
   1.63500   0.993315
   1.63550   0.990432
   1.63600   0.994459
   1.63650   0.996644
   1.63700   0.994306
   1.63750   0.986407
   1.63800   0.986976
   1.63850   0.994173
   1.63900   0.994776
   1.63950   0.991007
   1.64000   0.980729
   1.64050   0.976942
   1.64100   0.986842
   1.64150   0.990721
   1.64200   0.988497
   1.64250   0.976916
   1.64300   0.968928
   1.64350   0.982052
   1.64400   0.991232
   1.64450   0.992525
   1.64500   0.982766
   1.64550   0.967816
   1.64600   0.980126
   1.64650   0.993557
   1.64700   0.994296
   1.64750   0.988097
   1.64800   0.973328
   1.64850   0.972751
   1.64900   0.984921
   1.64950   0.989340
   1.65000   0.989238
   1.65050   0.978063
   1.65100   0.967990
   1.65150   0.981931
   1.65200   0.992765
   1.65250   0.995613
   1.65300   0.991795
   1.65350   0.978515
   1.65400   0.980623
   1.65450   0.993565
   1.65500   0.995874
   1.65550   0.995054
   1.65600   0.991908
   1.65650   0.987227
   1.65700   0.991630
   1.65750   0.997000
   1.65800   0.998547
   1.65850   0.998189
   1.65900   0.995499
   1.65950   0.993695
   1.66000   0.996784
   1.66050   0.999005
   1.66100   0.998375
   1.66150   0.996868
   1.66200   0.994010
   1.66250   0.993167
   1.66300   0.996674
   1.66350   0.997982
   1.66400   0.998521
   1.66450   0.995489
   1.66500   0.971076
   1.66550   0.927306
   1.66600   0.923475
   1.66650   0.952526
   1.66700   0.975791
   1.66750   0.989480
   1.66800   0.994668
   1.66850   0.995675
   1.66900   0.997153
   1.66950   0.998042
   1.67000   0.998188
   1.67050   0.997299
   1.67100   0.995376
   1.67150   0.995133
   1.67200   0.997900
   1.67250   0.999163
   1.67300   0.999223
   1.67350   0.998118
   1.67400   0.992682
   1.67450   0.988228
   1.67500   0.994055
   1.67550   0.997917
   1.67600   0.998936
   1.67650   0.998614
   1.67700   0.993459
   1.67750   0.984968
   1.67800   0.989630
   1.67850   0.997209
   1.67900   0.999228
   1.67950   0.999313
   1.68000   0.997405
   1.68050   0.990808
   1.68100   0.989273
   1.68150   0.995740
   1.68200   0.998706
   1.68250   0.999319
   1.68300   0.998376
   1.68350   0.990795
   1.68400   0.980805
   1.68450   0.988967
   1.68500   0.997343
   1.68550   0.998664
   1.68600   0.998913
   1.68650   0.997086
   1.68700   0.990052
   1.68750   0.988390
   1.68800   0.995657
   1.68850   0.998457
   1.68900   0.998063
   1.68950   0.997635
   1.69000   0.994119
   1.69050   0.985778
   1.69100   0.987120
   1.69150   0.992654
   1.69200   0.994602
   1.69250   0.996123
   1.69300   0.997699
   1.69350   0.995098
   1.69400   0.990797
   1.69450   0.992972
   1.69500   0.996296
   1.69550   0.998484
   1.69600   0.998157
   1.69650   0.992445
   1.69700   0.984021
   1.69750   0.985571
   1.69800   0.994299
   1.69850   0.997533
   1.69900   0.997159
   1.69950   0.994233
    1.70000   0.992502
    1.70050   0.990767
    1.70100   0.988779
    1.70150   0.993147
    1.70200   0.994740
    1.70250   0.991910
    1.70300   0.990486
    1.70350   0.991295
    1.70400   0.993332
    1.70450   0.994203
    1.70500   0.991526
    1.70550   0.988988
    1.70600   0.989099
    1.70650   0.987328
    1.70700   0.986778
    1.70750   0.985875
    1.70800   0.981381
    1.70850   0.972679
    1.70900   0.977266
    1.70950   0.989928
    1.71000   0.992930
    1.71050   0.991058
    1.71100   0.993445
    1.71150   0.996543
    1.71200   0.996317
    1.71250   0.995869
    1.71300   0.995553
    1.71350   0.990737
    1.71400   0.979007
    1.71450   0.976442
    1.71500   0.988320
    1.71550   0.991714
    1.71600   0.986361
    1.71650   0.989698
    1.71700   0.995886
    1.71750   0.997766
    1.71800   0.998281
    1.71850   0.998016
    1.71900   0.998005
    1.71950   0.997728
    1.72000   0.995841
    1.72050   0.988585
    1.72100   0.967241
    1.72150   0.961070
    1.72200   0.981616
    1.72250   0.989215
    1.72300   0.983622
    1.72350   0.971844
    1.72400   0.970175
    1.72450   0.969362
    1.72500   0.978757
    1.72550   0.988441
    1.72600   0.986625
    1.72650   0.987573
    1.72700   0.990403
    1.72750   0.991697
    1.72800   0.989576
    1.72850   0.980966
    1.72900   0.981130
    1.72950   0.991560
    1.73000   0.995457
    1.73050   0.993014
    1.73100   0.990766
    1.73150   0.976093
    1.73200   0.939757
    1.73250   0.941933
    1.73300   0.980472
    1.73350   0.995811
    1.73400   0.996484
    1.73450   0.994913
    1.73500   0.989011
    1.73550   0.973590
    1.73600   0.962304
    1.73650   0.961789
    1.73700   0.973036
    1.73750   0.990482
    1.73800   0.994329
    1.73850   0.994816
    1.73900   0.993127
    1.73950   0.979801
    1.74000   0.973763
    1.74050   0.978315
    1.74100   0.951173
    1.74150   0.940155
    1.74200   0.973486
    1.74250   0.993695
    1.74300   0.997225
    1.74350   0.994541
    1.74400   0.974627
    1.74450   0.957539
    1.74500   0.980048
    1.74550   0.994150
    1.74600   0.978571
    1.74650   0.918166
    1.74700   0.877017
    1.74750   0.922594
    1.74800   0.978262
    1.74850   0.995971
    1.74900   0.996797
    1.74950   0.996542
    1.75000   0.996631
    1.75050   0.992819
    1.75100   0.967950
    1.75150   0.934713
    1.75200   0.961233
    1.75250   0.989495
    1.75300   0.994754
    1.75350   0.997510
    1.75400   0.995987
    1.75450   0.977098
    1.75500   0.936040
    1.75550   0.947272
    1.75600   0.977622
    1.75650   0.954346
    1.75700   0.918975
    1.75750   0.923623
    1.75800   0.968881
    1.75850   0.994627
    1.75900   0.998502
    1.75950   0.998742
    1.76000   0.995493
    1.76050   0.976922
    1.76100   0.952603
    1.76150   0.970133
    1.76200   0.975319
    1.76250   0.948511
    1.76300   0.940851
    1.76350   0.969066
    1.76400   0.991622
    1.76450   0.992540
    1.76500   0.959453
    1.76550   0.834546
    1.76600   0.772715
    1.76650   0.901742
    1.76700   0.980070
    1.76750   0.990129
    1.76800   0.986865
    1.76850   0.985082
    1.76900   0.979604
    1.76950   0.962794
    1.77000   0.950618
    1.77050   0.931784
    1.77100   0.942754
    1.77150   0.981390
    1.77200   0.990495
    1.77250   0.987907
    1.77300   0.984096
    1.77350   0.951467
    1.77400   0.894844
    1.77450   0.907695
    1.77500   0.952940
    1.77550   0.943479
    1.77600   0.884594
    1.77650   0.894857
    1.77700   0.957899
    1.77750   0.974114
    1.77800   0.934478
    1.77850   0.844515
    1.77900   0.832301
    1.77950   0.927918
    1.78000   0.974862
    1.78050   0.948595
    1.78100   0.846457
    1.78150   0.831929
    1.78200   0.931842
    1.78250   0.978378
    1.78300   0.979546
    1.78350   0.958535
    1.78400   0.889102
    1.78450   0.758125
    1.78500   0.738123
    1.78550   0.830661
    1.78600   0.854463
    1.78650   0.886765
    1.78700   0.868959
    1.78750   0.899529
    1.78800   0.959811
    1.78850   0.951439
    1.78900   0.943822
    1.78950   0.969998
    1.79000   0.936923
    1.79050   0.847680
    1.79100   0.819047
    1.79150   0.858394
    1.79200   0.860120
    1.79250   0.835251
    1.79300   0.812922
    1.79350   0.739816
    1.79400   0.755525
    1.79450   0.858164
    1.79500   0.856749
    1.79550   0.841673
    1.79600   0.841466
    1.79650   0.803639
    1.79700   0.784590
    1.79750   0.847177
    1.79800   0.840571
    1.79850   0.885013
    1.79900   0.922763
    1.79950   0.780291
    1.80000   0.584666
 1.80050   0.506150
 1.80100   0.471652
 1.80150   0.512914
 1.80200   0.568489
 1.80250   0.591665
 1.80300   0.677113
 1.80350   0.699647
 1.80400   0.736619
 1.80450   0.830771
  1.80500   0.855857
  1.80550   0.690749
  1.80600   0.438181
  1.80650   0.411676
  1.80700   0.566936
  1.80750   0.610007
  1.80800   0.732577
  1.80850   0.782688
  1.80900   0.726123
  1.80950   0.764853
  1.81000   0.711491
  1.81050   0.489735
  1.81100   0.388435
  1.81150   0.506124
  1.81200   0.510681
  1.81250   0.387894
  1.81300   0.388558
  1.81350   0.579377
  1.81400   0.761626
  1.81450   0.764149
  1.81500   0.537874
  1.81550   0.332955
  1.81600   0.358867
  1.81650   0.495185
  1.81700   0.572971
  1.81750   0.679194
  1.81800   0.647414
  1.81850   0.448197
  1.81900   0.502743
  1.81950   0.529272
  1.82000   0.283356
  1.82050   0.116465
  1.82100   0.180236
  1.82150   0.217103
  1.82200   0.180477
  1.82250   0.254541
  1.82300   0.503638
  1.82350   0.767083
  1.82400   0.841912
  1.82450   0.745811
  1.82500   0.595845
  1.82550   0.484293
  1.82600   0.267268
  1.82650   0.176834
  1.82700   0.368454
  1.82750   0.478558
  1.82800   0.339694
  1.82850   0.171749
  1.82900   0.173364
  1.82950   0.276971
  1.83000   0.240067
  1.83050   0.207665
  1.83100   0.176644
  1.83150   0.227948
  1.83200   0.341251
  1.83250   0.261043
  1.83300   0.258407
  1.83350   0.412062
  1.83400   0.408319
  1.83450   0.219426
  1.83500    8.46848E-02
  1.83550    6.81353E-02
  1.83600    4.97111E-02
  1.83650    5.47538E-02
  1.83700    8.75217E-02
  1.83750    5.25519E-02
  1.83800    4.88797E-02
  1.83850   0.154729
  1.83900   0.245404
  1.83950   0.154266
  1.84000    5.04592E-02
  1.84050    8.40258E-02
  1.84100   0.134459
  1.84150    7.03485E-02
  1.84200    2.09530E-02
  1.84250    8.08668E-02
  1.84300   0.224701
  1.84350   0.273863
  1.84400   0.325278
  1.84450   0.504203
  1.84500   0.597827
  1.84550   0.501915
  1.84600   0.292331
  1.84650    1.03795E-01
  1.84700    1.76967E-02
  1.84750    5.70865E-03
  1.84800    5.19340E-03
  1.84850    1.80083E-02
  1.84900    8.55736E-02
  1.84950   0.206820
   1.85000   0.212377
   1.85050   0.132717
   1.85100   0.228723
   1.85150   0.463528
   1.85200   0.513124
   1.85250   0.312798
   1.85300    9.91987E-02
   1.85350    2.73874E-02
   1.85400    3.10382E-02
   1.85450    1.03641E-01
   1.85500   0.240103
   1.85550   0.348119
   1.85600   0.256409
   1.85650    9.17837E-02
   1.85700    4.44364E-02
   1.85750   0.139329
   1.85800   0.331460
   1.85850   0.386931
   1.85900   0.255882
   1.85950    8.92806E-02
   1.86000    1.56786E-02
   1.86050    2.36687E-02
   1.86100   0.136774
   1.86150   0.388707
   1.86200   0.562145
   1.86250   0.481994
   1.86300   0.365988
   1.86350   0.376995
   1.86400   0.258770
   1.86450   0.144683
   1.86500   0.229582
   1.86550   0.439161
   1.86600   0.595415
   1.86650   0.513722
   1.86700   0.269665
   1.86750    7.28503E-02
   1.86800    2.86421E-02
   1.86850    8.05517E-02
   1.86900   0.106550
   1.86950    5.89996E-02
   1.87000    2.42958E-02
   1.87050    1.71540E-02
   1.87100    8.70671E-03
   1.87150    2.33764E-02
   1.87200    7.93091E-02
   1.87250    8.55701E-02
   1.87300    2.92135E-02
   1.87350    7.85538E-03
   1.87400    3.38997E-02
   1.87450    8.69694E-02
   1.87500    8.87879E-02
   1.87550    7.36377E-02
   1.87600    1.00062E-01
   1.87650    8.17879E-02
   1.87700    4.91521E-02
   1.87750   0.122091
   1.87800   0.243875
   1.87850   0.389643
   1.87900   0.517754
   1.87950   0.519130
   1.88000   0.508667
   1.88050   0.316157
   1.88100   0.173518
   1.88150   0.255371
   1.88200   0.476100
   1.88250   0.588994
   1.88300   0.520819
   1.88350   0.331499
   1.88400   0.131395
   1.88450   0.178703
   1.88500   0.342564
   1.88550   0.387104
   1.88600   0.440294
   1.88650   0.384287
   1.88700   0.327282
   1.88750   0.542175
   1.88800   0.729578
   1.88850   0.729931
   1.88900   0.615871
   1.88950   0.370293
   1.89000   0.125563
   1.89050   0.128184
   1.89100   0.288727
   1.89150   0.297685
   1.89200   0.169225
   1.89250   0.147100
   1.89300   0.200545
   1.89350   0.190246
   1.89400   0.234055
   1.89450   0.413328
   1.89500   0.578752
   1.89550   0.660335
   1.89600   0.579465
   1.89650   0.531565
   1.89700   0.494070
   1.89750   0.293291
   1.89800   0.159377
   1.89850   0.145070
   1.89900    6.59336E-02
   1.89950    1.57474E-02
   1.90000    1.26247E-02
   1.90050    4.09072E-02
   1.90100   0.158473
   1.90150   0.322464
   1.90200   0.362018
   1.90250   0.205565
   1.90300    8.48610E-02
   1.90350   0.183224
   1.90400   0.316524
   1.90450   0.236446
   1.90500    8.30411E-02
   1.90550    2.20497E-02
   1.90600    2.54519E-02
   1.90650    3.64896E-02
   1.90700   0.108216
   1.90750   0.337190
   1.90800   0.525159
   1.90850   0.482315
   1.90900   0.405334
   1.90950   0.483618
   1.91000   0.439805
   1.91050   0.287100
   1.91100   0.198571
   1.91150   0.122362
   1.91200   0.149485
   1.91250   0.219584
   1.91300   0.168011
   1.91350    6.53308E-02
   1.91400    5.08557E-02
   1.91450   0.134771
   1.91500   0.310537
   1.91550   0.422834
   1.91600   0.266148
   1.91650   0.137026
   1.91700   0.274917
   1.91750   0.568813
   1.91800   0.756328
   1.91850   0.740929
   1.91900   0.553928
   1.91950   0.250883
   1.92000    6.11322E-02
   1.92050    2.58625E-02
   1.92100    8.31992E-02
   1.92150   0.277266
   1.92200   0.546590
   1.92250   0.703957
   1.92300   0.704167
   1.92350   0.512093
   1.92400   0.218637
   1.92450   0.234665
   1.92500   0.542120
   1.92550   0.734648
   1.92600   0.669011
   1.92650   0.491648
   1.92700   0.257205
   1.92750   0.264051
   1.92800   0.369206
   1.92850   0.302842
   1.92900   0.418468
   1.92950   0.602152
   1.93000   0.487219
   1.93050   0.306640
   1.93100   0.260635
   1.93150   0.339334
   1.93200   0.500856
   1.93250   0.616774
   1.93300   0.619693
   1.93350   0.580344
   1.93400   0.431508
   1.93450   0.531992
   1.93500   0.757475
   1.93550   0.771910
   1.93600   0.624667
   1.93650   0.478980
   1.93700   0.540739
   1.93750   0.577286
   1.93800   0.488617
   1.93850   0.497161
   1.93900   0.399613
   1.93950   0.306515
   1.94000   0.457610
   1.94050   0.614259
   1.94100   0.521632
   1.94150   0.479325
   1.94200   0.665395
   1.94250   0.836420
   1.94300   0.804259
   1.94350   0.650314
   1.94400   0.558456
   1.94450   0.491433
   1.94500   0.504787
   1.94550   0.649515
   1.94600   0.704404
   1.94650   0.721354
   1.94700   0.671476
   1.94750   0.628802
   1.94800   0.613201
   1.94850   0.603658
   1.94900   0.633286
   1.94950   0.638534
   1.95000   0.663765
   1.95050   0.655430
   1.95100   0.669548
   1.95150   0.720225
   1.95200   0.682669
   1.95250   0.608920
   1.95300   0.526445
   1.95350   0.486591
   1.95400   0.496520
   1.95450   0.484241
   1.95500   0.491300
   1.95550   0.451325
   1.95600   0.437327
   1.95650   0.432061
   1.95700   0.448548
   1.95750   0.454386
   1.95800   0.446968
   1.95850   0.465756
   1.95900   0.446269
   1.95950   0.508316
   1.96000   0.660921
   1.96050   0.700766
   1.96100   0.664026
   1.96150   0.697099
   1.96200   0.687160
   1.96250   0.614468
   1.96300   0.547593
   1.96350   0.536336
   1.96400   0.562797
   1.96450   0.588990
   1.96500   0.627330
   1.96550   0.635671
   1.96600   0.647841
   1.96650   0.683231
   1.96700   0.704657
   1.96750   0.699117
   1.96800   0.691477
   1.96850   0.723825
   1.96900   0.752994
   1.96950   0.771480
   1.97000   0.796069
   1.97050   0.797955
   1.97100   0.757150
   1.97150   0.716151
   1.97200   0.733529
   1.97250   0.802412
   1.97300   0.856930
   1.97350   0.849135
   1.97400   0.795526
   1.97450   0.821585
   1.97500   0.894606
   1.97550   0.895768
   1.97600   0.892699
   1.97650   0.931530
   1.97700   0.948029
   1.97750   0.940579
   1.97800   0.946013
   1.97850   0.952906
   1.97900   0.935200
   1.97950   0.830717
   1.98000   0.741971
   1.98050   0.802358
   1.98100   0.916834
   1.98150   0.974485
   1.98200   0.981750
   1.98250   0.964425
   1.98300   0.944212
   1.98350   0.967332
   1.98400   0.986558
   1.98450   0.977321
   1.98500   0.947129
   1.98550   0.949520
   1.98600   0.968415
   1.98650   0.906401
   1.98700   0.824194
   1.98750   0.891949
   1.98800   0.966978
   1.98850   0.984228
   1.98900   0.981862
   1.98950   0.942798
   1.99000   0.867579
   1.99050   0.864036
   1.99100   0.932131
   1.99150   0.978125
   1.99200   0.985413
   1.99250   0.987140
   1.99300   0.986963
   1.99350   0.969279
   1.99400   0.925177
   1.99450   0.922377
   1.99500   0.940895
   1.99550   0.916483
   1.99600   0.897388
   1.99650   0.867044
   1.99700   0.827800
   1.99750   0.787334
   1.99800   0.706908
   1.99850   0.662155
   1.99900   0.639285
   1.99950   0.596910
   2.00000   0.556002
   2.00050   0.508995
   2.00100   0.454164
   2.00150   0.417463
   2.00200   0.387244
   2.00250   0.345502
   2.00300   0.327869
   2.00350   0.337062
   2.00400   0.337982
   2.00450   0.331677
   2.00500   0.321837
   2.00550   0.315961
   2.00600   0.334940
   2.00650   0.384449
   2.00700   0.431995
   2.00750   0.468816
   2.00800   0.514937
   2.00850   0.593274
   2.00900   0.657419
   2.00950   0.609583
   2.01000   0.521058
   2.01050   0.468812
   2.01100   0.449696
   2.01150   0.444837
   2.01200   0.440626
   2.01250   0.439943
   2.01300   0.445357
   2.01350   0.449248
   2.01400   0.458862
   2.01450   0.476211
   2.01500   0.484873
   2.01550   0.493869
   2.01600   0.504679
   2.01650   0.506091
   2.01700   0.512109
   2.01750   0.535956
   2.01800   0.553449
   2.01850   0.575841
   2.01900   0.600710
   2.01950   0.632571
   2.02000   0.659412
   2.02050   0.675746
   2.02100   0.690374
   2.02150   0.714045
   2.02200   0.744452
   2.02250   0.771781
   2.02300   0.787411
   2.02350   0.803735
   2.02400   0.820653
   2.02450   0.841601
   2.02500   0.856356
   2.02550   0.875177
   2.02600   0.891883
   2.02650   0.904355
   2.02700   0.916050
   2.02750   0.915351
   2.02800   0.908367
   2.02850   0.909366
   2.02900   0.931483
   2.02950   0.949025
   2.03000   0.956729
   2.03050   0.954635
   2.03100   0.958649
   2.03150   0.962757
   2.03200   0.964469
   2.03250   0.960821
   2.03300   0.951341
   2.03350   0.950733
   2.03400   0.960386
   2.03450   0.963544
   2.03500   0.964312
   2.03550   0.964373
   2.03600   0.964186
   2.03650   0.964009
   2.03700   0.963889
   2.03750   0.963145
   2.03800   0.959963
   2.03850   0.957111
   2.03900   0.956403
   2.03950   0.947628
   2.04000   0.930549
   2.04050   0.927770
   2.04100   0.935863
   2.04150   0.938058
   2.04200   0.938262
   2.04250   0.938662
   2.04300   0.938092
   2.04350   0.937561
   2.04400   0.937251
   2.04450   0.942568
   2.04500   0.950601
   2.04550   0.954354
   2.04600   0.951335
   2.04650   0.938762
   2.04700   0.920234
   2.04750   0.898897
   2.04800   0.875485
   2.04850   0.853501
   2.04900   0.832114
   2.04950   0.809014
   2.05000   0.785837
   2.05050   0.768295
   2.05100   0.755254
   2.05150   0.733945
   2.05200   0.714702
   2.05250   0.702360
   2.05300   0.697071
   2.05350   0.683016
   2.05400   0.665835
   2.05450   0.659634
   2.05500   0.662759
   2.05550   0.669362
   2.05600   0.666639
   2.05650   0.662827
   2.05700   0.674628
   2.05750   0.695444
   2.05800   0.719976
   2.05850   0.745888
   2.05900   0.778991
   2.05950   0.827200
   2.06000   0.877946
   2.06050   0.889037
   2.06100   0.842994
   2.06150   0.802663
   2.06200   0.776576
   2.06250   0.753178
   2.06300   0.739510
   2.06350   0.735301
   2.06400   0.732821
   2.06450   0.731170
   2.06500   0.732417
   2.06550   0.734088
   2.06600   0.734408
   2.06650   0.743096
   2.06700   0.754927
   2.06750   0.763885
   2.06800   0.772236
   2.06850   0.781575
   2.06900   0.789880
   2.06950   0.797068
   2.07000   0.806938
   2.07050   0.815498
   2.07100   0.824557
   2.07150   0.836803
   2.07200   0.847271
   2.07250   0.860418
   2.07300   0.865582
   2.07350   0.867764
   2.07400   0.876762
   2.07450   0.883734
   2.07500   0.889187
   2.07550   0.899364
   2.07600   0.908583
   2.07650   0.917289
   2.07700   0.922241
   2.07750   0.920770
   2.07800   0.929780
   2.07850   0.948897
   2.07900   0.963711
   2.07950   0.970740
   2.08000   0.971610
   2.08050   0.972781
   2.08100   0.970019
   2.08150   0.964121
   2.08200   0.958987
   2.08250   0.955405
   2.08300   0.952902
   2.08350   0.952600
   2.08400   0.950460
   2.08450   0.942934
   2.08500   0.941579
   2.08550   0.951750
   2.08600   0.957638
   2.08650   0.961765
   2.08700   0.965898
   2.08750   0.968015
   2.08800   0.968744
   2.08850   0.969073
   2.08900   0.970050
   2.08950   0.969301
   2.09000   0.967523
   2.09050   0.971590
   2.09100   0.975703
   2.09150   0.977484
   2.09200   0.978377
   2.09250   0.978491
   2.09300   0.978757
   2.09350   0.972654
   2.09400   0.969828
   2.09450   0.980094
   2.09500   0.986052
   2.09550   0.987759
   2.09600   0.988737
   2.09650   0.989196
   2.09700   0.988857
   2.09750   0.988783
   2.09800   0.984599
   2.09850   0.971005
   2.09900   0.970741
   2.09950   0.983968
   2.10000   0.985586
   2.10050   0.984140
   2.10100   0.982791
   2.10150   0.969959
   2.10200   0.971298
   2.10250   0.986679
   2.10300   0.991906
   2.10350   0.992403
   2.10400   0.992585
   2.10450   0.991891
   2.10500   0.990666
   2.10550   0.991320
   2.10600   0.991978
   2.10650   0.990860
   2.10700   0.990089
   2.10750   0.989484
   2.10800   0.988603
   2.10850   0.987929
   2.10900   0.986920
   2.10950   0.983884
   2.11000   0.982689
   2.11050   0.986071
   2.11100   0.986735
   2.11150   0.981447
   2.11200   0.979408
   2.11250   0.985626
   2.11300   0.991021
   2.11350   0.993767
   2.11400   0.994487
   2.11450   0.994103
   2.11500   0.993010
   2.11550   0.991964
   2.11600   0.990991
   2.11650   0.991483
   2.11700   0.992698
   2.11750   0.991889
   2.11800   0.983970
   2.11850   0.971855
   2.11900   0.979086
   2.11950   0.986677
   2.12000   0.986021
   2.12050   0.988951
   2.12100   0.992599
   2.12150   0.993930
   2.12200   0.995124
   2.12250   0.995836
   2.12300   0.996118
   2.12350   0.995328
   2.12400   0.989318
   2.12450   0.982217
   2.12500   0.988202
   2.12550   0.995557
   2.12600   0.997300
   2.12650   0.997113
   2.12700   0.992464
   2.12750   0.977895
   2.12800   0.977083
   2.12850   0.992157
   2.12900   0.997727
   2.12950   0.998401
   2.13000   0.998534
   2.13050   0.998556
   2.13100   0.998703
   2.13150   0.998836
   2.13200   0.998842
   2.13250   0.998855
   2.13300   0.998938
   2.13350   0.999044
   2.13400   0.999137
   2.13450   0.999175
   2.13500   0.998478
   2.13550   0.995184
   2.13600   0.993312
   2.13650   0.996881
   2.13700   0.999013
   2.13750   0.999248
   2.13800   0.999150
   2.13850   0.998895
   2.13900   0.998691
   2.13950   0.998646
   2.14000   0.998875
   2.14050   0.999125
   2.14100   0.999183
   2.14150   0.999165
   2.14200   0.998968
   2.14250   0.998034
   2.14300   0.997102
   2.14350   0.997802
   2.14400   0.998546
   2.14450   0.998475
   2.14500   0.998611
   2.14550   0.998569
   2.14600   0.998272
   2.14650   0.998110
   2.14700   0.997262
   2.14750   0.996111
   2.14800   0.995171
   2.14850   0.994371
   2.14900   0.993065
   2.14950   0.991842
   2.15000   0.991835
   2.15050   0.991803
   2.15100   0.983901
   2.15150   0.975700
   2.15200   0.980254
   2.15250   0.984396
   2.15300   0.985028
   2.15350   0.987872
   2.15400   0.989390
   2.15450   0.989185
   2.15500   0.989151
   2.15550   0.990972
   2.15600   0.994613
   2.15650   0.995879
   2.15700   0.996363
   2.15750   0.996285
   2.15800   0.995721
   2.15850   0.993083
   2.15900   0.987623
   2.15950   0.988481
   2.16000   0.990452
   2.16050   0.987673
   2.16100   0.980903
   2.16150   0.985045
   2.16200   0.992109
   2.16250   0.989632
   2.16300   0.973865
   2.16350   0.958663
   2.16400   0.977795
   2.16450   0.993738
   2.16500   0.995623
   2.16550   0.994897
   2.16600   0.992859
   2.16650   0.986264
   2.16700   0.982185
   2.16750   0.988255
   2.16800   0.987906
   2.16850   0.976416
   2.16900   0.980153
   2.16950   0.993003
   2.17000   0.995129
   2.17050   0.995134
   2.17100   0.997341
   2.17150   0.997671
   2.17200   0.991474
   2.17250   0.977741
   2.17300   0.980152
   2.17350   0.990936
   2.17400   0.989441
   2.17450   0.984273
   2.17500   0.988683
   2.17550   0.992322
   2.17600   0.987212
   2.17650   0.987250
   2.17700   0.995416
   2.17750   0.996183
   2.17800   0.984596
   2.17850   0.973010
   2.17900   0.977554
   2.17950   0.983870
   2.18000   0.993351
   2.18050   0.998100
   2.18100   0.998929
   2.18150   0.999065
   2.18200   0.998138
   2.18250   0.991366
   2.18300   0.971275
   2.18350   0.960062
   2.18400   0.969308
   2.18450   0.964133
   2.18500   0.959404
   2.18550   0.981925
   2.18600   0.996161
   2.18650   0.996612
   2.18700   0.991580
   2.18750   0.986871
   2.18800   0.984696
   2.18850   0.989740
   2.18900   0.994335
   2.18950   0.991143
   2.19000   0.988768
   2.19050   0.987144
   2.19100   0.993016
   2.19150   0.998238
   2.19200   0.999085
   2.19250   0.999107
   2.19300   0.999104
   2.19350   0.998684
   2.19400   0.993953
   2.19450   0.979371
   2.19500   0.972930
   2.19550   0.986936
   2.19600   0.995153
   2.19650   0.993627
   2.19700   0.993788
   2.19750   0.989778
   2.19800   0.969747
   2.19850   0.958481
   2.19900   0.959772
   2.19950   0.936635
   2.20000   0.904162
   2.20050   0.908416
   2.20100   0.952181
   2.20150   0.968994
   2.20200   0.961742
   2.20250   0.961983
   2.20300   0.972796
   2.20350   0.982878
   2.20400   0.981270
   2.20450   0.966098
   2.20500   0.958580
   2.20550   0.976865
   2.20600   0.989844
   2.20650   0.991440
   2.20700   0.990608
   2.20750   0.992038
   2.20800   0.995536
   2.20850   0.998074
   2.20900   0.998375
   2.20950   0.998150
   2.21000   0.996682
   2.21050   0.993781
   2.21100   0.989655
   2.21150   0.991445
   2.21200   0.997280
   2.21250   0.998798
   2.21300   0.998861
   2.21350   0.998463
   2.21400   0.996766
   2.21450   0.993372
   2.21500   0.991418
   2.21550   0.987521
   2.21600   0.971367
   2.21650   0.963606
   2.21700   0.980334
   2.21750   0.994027
   2.21800   0.994988
   2.21850   0.994404
   2.21900   0.996066
   2.21950   0.996900
   2.22000   0.995557
   2.22050   0.991455
   2.22100   0.979036
   2.22150   0.963817
   2.22200   0.973502
   2.22250   0.989688
   2.22300   0.994425
   2.22350   0.993828
   2.22400   0.992148
   2.22450   0.990939
   2.22500   0.988860
   2.22550   0.988802
   2.22600   0.985367
   2.22650   0.973255
   2.22700   0.967869
   2.22750   0.977822
   2.22800   0.988426
   2.22850   0.992117
   2.22900   0.993506
   2.22950   0.994752
   2.23000   0.994718
   2.23050   0.991141
   2.23100   0.982207
   2.23150   0.966953
   2.23200   0.960961
   2.23250   0.964296
   2.23300   0.976815
   2.23350   0.978526
   2.23400   0.981932
   2.23450   0.987778
   2.23500   0.987859
   2.23550   0.985300
   2.23600   0.977612
   2.23650   0.972477
   2.23700   0.975502
   2.23750   0.971001
   2.23800   0.971979
   2.23850   0.984863
   2.23900   0.991374
   2.23950   0.987579
   2.24000   0.979151
   2.24050   0.974810
   2.24100   0.974257
   2.24150   0.972455
   2.24200   0.981710
   2.24250   0.984980
   2.24300   0.983033
   2.24350   0.973910
   2.24400   0.961679
   2.24450   0.973755
   2.24500   0.989035
   2.24550   0.984345
   2.24600   0.967868
   2.24650   0.956469
   2.24700   0.944037
   2.24750   0.955394
   2.24800   0.983178
   2.24850   0.990925
   2.24900   0.986336
   2.24950   0.979128
   2.25000   0.972989
   2.25050   0.969456
   2.25100   0.974776
   2.25150   0.982455
   2.25200   0.979486
   2.25250   0.974909
   2.25300   0.971611
   2.25350   0.958053
   2.25400   0.946224
   2.25450   0.959704
   2.25500   0.971204
   2.25550   0.960936
   2.25600   0.952730
   2.25650   0.943552
   2.25700   0.938235
   2.25750   0.957662
   2.25800   0.967147
   2.25850   0.969626
   2.25900   0.979161
   2.25950   0.978685
   2.26000   0.967217
   2.26050   0.953147
   2.26100   0.930291
   2.26150   0.915995
   2.26200   0.914730
   2.26250   0.940945
   2.26300   0.968367
   2.26350   0.958359
   2.26400   0.950043
   2.26450   0.940373
   2.26500   0.943509
   2.26550   0.974245
   2.26600   0.988689
   2.26650   0.988223
   2.26700   0.979713
   2.26750   0.963261
   2.26800   0.932784
   2.26850   0.899877
   2.26900   0.921958
   2.26950   0.963219
   2.27000   0.958127
   2.27050   0.947918
   2.27100   0.969175
   2.27150   0.969777
   2.27200   0.948723
   2.27250   0.935947
   2.27300   0.959925
   2.27350   0.974447
   2.27400   0.979633
   2.27450   0.968265
   2.27500   0.927595
   2.27550   0.872848
   2.27600   0.881464
   2.27650   0.921859
   2.27700   0.935959
   2.27750   0.954508
   2.27800   0.971933
   2.27850   0.978674
   2.27900   0.987011
   2.27950   0.990485
   2.28000   0.975465
   2.28050   0.934239
   2.28100   0.930259
   2.28150   0.963877
   2.28200   0.967130
   2.28250   0.918723
   2.28300   0.880540
   2.28350   0.910531
   2.28400   0.918914
   2.28450   0.946450
   2.28500   0.946472
   2.28550   0.940926
   2.28600   0.970154
   2.28650   0.977190
   2.28700   0.975369
   2.28750   0.974304
   2.28800   0.974016
   2.28850   0.976595
   2.28900   0.953052
   2.28950   0.896540
   2.29000   0.882249
   2.29050   0.932530
   2.29100   0.963816
   2.29150   0.967471
   2.29200   0.951108
   2.29250   0.937592
   2.29300   0.959022
   2.29350   0.956944
   2.29400   0.947137
   2.29450   0.941898
   2.29500   0.919981
   2.29550   0.910921
   2.29600   0.915713
   2.29650   0.946151
   2.29700   0.973374
   2.29750   0.974277
   2.29800   0.931860
   2.29850   0.891625
   2.29900   0.903607
   2.29950   0.918032
    2.30000   0.904420
    2.30050   0.893896
    2.30100   0.923603
    2.30150   0.956751
    2.30200   0.954860
    2.30250   0.945079
    2.30300   0.939584
    2.30350   0.913138
    2.30400   0.895780
    2.30450   0.901001
    2.30500   0.924654
    2.30550   0.938239
    2.30600   0.943688
    2.30650   0.944019
    2.30700   0.934959
    2.30750   0.913497
    2.30800   0.938670
    2.30850   0.965929
    2.30900   0.964231
    2.30950   0.963499
    2.31000   0.973815
    2.31050   0.987864
    2.31100   0.994375
    2.31150   0.988675
    2.31200   0.975269
    2.31250   0.980292
    2.31300   0.993809
    2.31350   0.997085
    2.31400   0.997118
    2.31450   0.996271
    2.31500   0.992056
    2.31550   0.968407
    2.31600   0.905904
    2.31650   0.813697
    2.31700   0.741154
    2.31750   0.762081
    2.31800   0.807843
    2.31850   0.853012
    2.31900   0.898999
    2.31950   0.917139
    2.32000   0.927846
    2.32050   0.936867
    2.32100   0.942031
    2.32150   0.938965
    2.32200   0.925964
    2.32250   0.929202
    2.32300   0.938148
    2.32350   0.950685
    2.32400   0.963227
    2.32450   0.975641
    2.32500   0.960537
    2.32550   0.940908
    2.32600   0.953554
    2.32650   0.962983
    2.32700   0.978302
    2.32750   0.984367
    2.32800   0.957858
    2.32850   0.914691
    2.32900   0.927635
    2.32950   0.958990
    2.33000   0.977835
    2.33050   0.972343
    2.33100   0.953465
    2.33150   0.932278
    2.33200   0.926684
    2.33250   0.946931
    2.33300   0.965216
    2.33350   0.963410
    2.33400   0.946427
    2.33450   0.939448
    2.33500   0.937441
    2.33550   0.946345
    2.33600   0.941163
    2.33650   0.953312
    2.33700   0.969662
    2.33750   0.964027
    2.33800   0.933469
    2.33850   0.908774
    2.33900   0.917623
    2.33950   0.899535
    2.34000   0.849853
    2.34050   0.859787
    2.34100   0.886399
    2.34150   0.902342
    2.34200   0.923683
    2.34250   0.939823
    2.34300   0.939325
    2.34350   0.927649
    2.34400   0.937298
    2.34450   0.929117
    2.34500   0.905541
    2.34550   0.911958
    2.34600   0.922879
    2.34650   0.908866
    2.34700   0.901061
    2.34750   0.886318
    2.34800   0.861221
    2.34850   0.883943
    2.34900   0.913045
    2.34950   0.905750
    2.35000   0.884418
    2.35050   0.846103
    2.35100   0.848492
    2.35150   0.872819
    2.35200   0.858068
    2.35250   0.855305
    2.35300   0.877964
    2.35350   0.882434
    2.35400   0.926982
    2.35450   0.943698
    2.35500   0.931073
    2.35550   0.882179
    2.35600   0.833487
    2.35650   0.895704
    2.35700   0.941379
    2.35750   0.942649
    2.35800   0.898892
    2.35850   0.811805
    2.35900   0.839390
    2.35950   0.948189
    2.36000   0.985150
    2.36050   0.984192
    2.36100   0.962659
    2.36150   0.916173
    2.36200   0.931674
    2.36250   0.974088
    2.36300   0.977077
    2.36350   0.946484
    2.36400   0.908475
    2.36450   0.921383
    2.36500   0.959631
    2.36550   0.973592
    2.36600   0.954171
    2.36650   0.942535
    2.36700   0.907596
    2.36750   0.858218
    2.36800   0.896493
    2.36850   0.921080
    2.36900   0.912123
    2.36950   0.903999
    2.37000   0.782742
    2.37050   0.628936
    2.37100   0.618359
    2.37150   0.672108
    2.37200   0.764363
    2.37250   0.828775
    2.37300   0.876091
    2.37350   0.914529
    2.37400   0.937871
    2.37450   0.944311
    2.37500   0.937856
    2.37550   0.945167
    2.37600   0.916955
    2.37650   0.844378
    2.37700   0.847027
    2.37750   0.888169
    2.37800   0.848238
    2.37850   0.868077
    2.37900   0.941370
    2.37950   0.935210
    2.38000   0.897067
    2.38050   0.899442
    2.38100   0.945207
    2.38150   0.975747
    2.38200   0.975352
    2.38250   0.936696
    2.38300   0.843852
    2.38350   0.777218
    2.38400   0.777523
    2.38450   0.861230
    2.38500   0.938573
    2.38550   0.912114
    2.38600   0.837304
    2.38650   0.854894
    2.38700   0.908215
    2.38750   0.895066
    2.38800   0.848374
    2.38850   0.893604
    2.38900   0.958882
    2.38950   0.944031
    2.39000   0.918148
    2.39050   0.919918
    2.39100   0.847690
    2.39150   0.780647
    2.39200   0.880173
    2.39250   0.953289
    2.39300   0.948335
    2.39350   0.944433
    2.39400   0.938653
    2.39450   0.923676
    2.39500   0.932864
    2.39550   0.939643
    2.39600   0.918608
    2.39650   0.830222
    2.39700   0.808714
    2.39750   0.887448
    2.39800   0.938626
    2.39850   0.952752
    2.39900   0.957573
    2.39950   0.948458
    2.40000   0.911583
    2.40050   0.892039
    2.40100   0.943568
    2.40150   0.969052
    2.40200   0.962411
    2.40250   0.965630
    2.40300   0.961690
    2.40350   0.919130
    2.40400   0.805536
    2.40450   0.800888
    2.40500   0.913866
    2.40550   0.938582
    2.40600   0.923120
    2.40650   0.881429
    2.40700   0.815630
    2.40750   0.824301
    2.40800   0.888851
    2.40850   0.952288
    2.40900   0.946111
    2.40950   0.862613
    2.41000   0.821815
    2.41050   0.912370
    2.41100   0.955188
    2.41150   0.911764
    2.41200   0.898795
    2.41250   0.945079
    2.41300   0.963990
    2.41350   0.921457
    2.41400   0.833355
    2.41450   0.827269
    2.41500   0.890472
    2.41550   0.782933
    2.41600   0.623885
    2.41650   0.744560
    2.41700   0.913734
    2.41750   0.942810
    2.41800   0.857536
    2.41850   0.669586
    2.41900   0.568041
    2.41950   0.669188
    2.42000   0.867286
    2.42050   0.956546
    2.42100   0.970454
    2.42150   0.958259
    2.42200   0.932975
    2.42250   0.944180
    2.42300   0.958509
    2.42350   0.913936
    2.42400   0.828977
    2.42450   0.862245
    2.42500   0.918503
    2.42550   0.923287
    2.42600   0.861337
    2.42650   0.827370
    2.42700   0.914487
    2.42750   0.958499
    2.42800   0.969334
    2.42850   0.977016
    2.42900   0.974032
    2.42950   0.968545
    2.43000   0.967515
    2.43050   0.974601
    2.43100   0.977684
    2.43150   0.977794
    2.43200   0.974221
    2.43250   0.939977
    2.43300   0.847345
    2.43350   0.817170
    2.43400   0.885587
    2.43450   0.819872
    2.43500   0.587468
    2.43550   0.423735
    2.43600   0.450873
    2.43650   0.573688
    2.43700   0.803187
    2.43750   0.933509
    2.43800   0.963263
    2.43850   0.972448
    2.43900   0.977902
    2.43950   0.980418
    2.44000   0.978676
    2.44050   0.977528
    2.44100   0.979516
    2.44150   0.979711
    2.44200   0.970300
    2.44250   0.926485
    2.44300   0.891714
    2.44350   0.932442
    2.44400   0.963169
    2.44450   0.961123
    2.44500   0.925630
    2.44550   0.767493
    2.44600   0.557422
    2.44650   0.622374
    2.44700   0.690174
    2.44750   0.691813
    2.44800   0.763652
    2.44850   0.872282
    2.44900   0.938356
    2.44950   0.877507
    2.45000   0.694134
    2.45050   0.607990
    2.45100   0.548934
    2.45150   0.564526
    2.45200   0.787022
    2.45250   0.923653
    2.45300   0.933530
    2.45350   0.855869
    2.45400   0.768594
    2.45450   0.687864
    2.45500   0.758187
    2.45550   0.915924
    2.45600   0.960811
    2.45650   0.957282
    2.45700   0.962986
    2.45750   0.972367
    2.45800   0.975347
    2.45850   0.973874
    2.45900   0.965308
    2.45950   0.960711
    2.46000   0.970417
    2.46050   0.974221
    2.46100   0.964829
    2.46150   0.940391
    2.46200   0.833780
    2.46250   0.592366
    2.46300   0.578570
    2.46350   0.808207
    2.46400   0.878948
    2.46450   0.870326
    2.46500   0.930417
    2.46550   0.963790
    2.46600   0.960592
    2.46650   0.959658
    2.46700   0.934625
    2.46750   0.832232
    2.46800   0.803242
    2.46850   0.893985
    2.46900   0.940032
    2.46950   0.953463
    2.47000   0.947762
    2.47050   0.931176
    2.47100   0.882532
    2.47150   0.707245
    2.47200   0.386032
    2.47250   0.230481
    2.47300   0.387630
    2.47350   0.702714
    2.47400   0.892005
    2.47450   0.931527
    2.47500   0.911206
    2.47550   0.900902
    2.47600   0.931180
    2.47650   0.951266
    2.47700   0.923727
    2.47750   0.888870
    2.47800   0.891582
    2.47850   0.868052
    2.47900   0.864266
    2.47950   0.822565
    2.48000   0.708235
    2.48050   0.596334
    2.48100   0.577294
    2.48150   0.572595
    2.48200   0.727780
    2.48250   0.858553
    2.48300   0.841080
    2.48350   0.683533
    2.48400   0.415841
    2.48450   0.417153
    2.48500   0.700256
    2.48550   0.861003
    2.48600   0.862802
    2.48650   0.760302
    2.48700   0.625782
    2.48750   0.462789
    2.48800   0.320126
    2.48850   0.454396
    2.48900   0.669309
    2.48950   0.755920
    2.49000   0.798100
    2.49050   0.788546
    2.49100   0.787778
    2.49150   0.697324
    2.49200   0.528836
    2.49250   0.589910
    2.49300   0.698714
    2.49350   0.706435
    2.49400   0.566537
    2.49450   0.289364
    2.49500   0.250413
    2.49550   0.512559
    2.49600   0.739590
    2.49650   0.762701
    2.49700   0.806569
    2.49750   0.839128
    2.49800   0.816082
    2.49850   0.836141
    2.49900   0.825863
    2.49950   0.812290
    2.50000   0.859637
    2.50050   0.880342
    2.50100   0.881045
    2.50150   0.861771
    2.50200   0.800617
    2.50250   0.629906
    2.50300   0.392314
    2.50350   0.484261
    2.50400   0.674368
    2.50450   0.648110
    2.50500   0.632014
    2.50550   0.494431
    2.50600   0.358292
    2.50650   0.528584
    2.50700   0.782765
    2.50750   0.902050
    2.50800   0.890074
    2.50850   0.768570
    2.50900   0.651085
    2.50950   0.666175
    2.51000   0.697582
    2.51050   0.470949
    2.51100   0.277624
    2.51150   0.433166
    2.51200   0.563810
    2.51250   0.544119
    2.51300   0.578282
    2.51350   0.710885
    2.51400   0.776085
    2.51450   0.579143
    2.51500   0.337549
    2.51550   0.248457
    2.51600   0.173012
    2.51650   0.146515
    2.51700   0.140888
    2.51750   0.206415
    2.51800   0.462253
    2.51850   0.621524
    2.51900   0.526686
    2.51950   0.416277
    2.52000   0.530547
    2.52050   0.642531
    2.52100   0.770596
    2.52150   0.785093
    2.52200   0.633073
    2.52250   0.541423
    2.52300   0.597740
    2.52350   0.521539
    2.52400   0.292984
    2.52450   0.330189
    2.52500   0.435927
    2.52550   0.405049
    2.52600   0.382376
    2.52650   0.316188
    2.52700   0.275948
    2.52750   0.336176
    2.52800   0.414042
    2.52850   0.426600
    2.52900   0.371080
    2.52950   0.173469
    2.53000   0.129927
    2.53050   0.217549
    2.53100   0.159081
    2.53150    5.42837E-02
    2.53200    7.36881E-02
    2.53250    1.04730E-01
    2.53300    8.87523E-02
    2.53350   0.214393
    2.53400   0.448291
    2.53450   0.481634
    2.53500   0.281284
    2.53550   0.106706
    2.53600    4.10849E-02
    2.53650    5.17446E-02
    2.53700   0.168290
    2.53750   0.289895
    2.53800   0.361603
    2.53850   0.307732
    2.53900   0.230749
    2.53950   0.377892
    2.54000   0.566428
    2.54050   0.509028
    2.54100   0.277028
    2.54150   0.132388
    2.54200    1.00939E-01
    2.54250    7.86398E-02
    2.54300    3.17442E-02
    2.54350    2.29503E-02
    2.54400    1.71456E-02
    2.54450    6.21574E-03
    2.54500    1.48122E-02
    2.54550    6.53314E-02
    2.54600   0.167322
    2.54650   0.211016
    2.54700   0.119869
    2.54750    2.79078E-02
    2.54800    3.07616E-03
    2.54850    1.27496E-02
    2.54900    7.94431E-02
    2.54950   0.180338
    2.55000   0.164326
    2.55050    6.64017E-02
    2.55100    2.36729E-02
    2.55150    5.29800E-02
    2.55200    7.37960E-02
    2.55250    3.58386E-02
    2.55300    1.27467E-02
    2.55350    6.23339E-02
    2.55400   0.200682
    2.55450   0.286113
    2.55500   0.287589
    2.55550   0.344045
    2.55600   0.433375
    2.55650   0.468968
    2.55700   0.392275
    2.55750   0.310678
    2.55800   0.281874
    2.55850   0.236204
    2.55900   0.155075
    2.55950    6.06339E-02
    2.56000    1.12537E-02
    2.56050    8.22040E-04
    2.56100    1.99218E-05
    2.56150    5.31712E-08
    2.56200    7.04277E-08
    2.56250    2.83073E-06
    2.56300    3.04938E-05
    2.56350    8.86269E-05
    2.56400    6.98677E-05
    2.56450    4.31127E-05
    2.56500    8.69180E-04
    2.56550    8.53199E-03
    2.56600    3.50122E-02
    2.56650    7.84159E-02
    2.56700    9.29130E-02
    2.56750    5.37144E-02
    2.56800    1.51688E-02
    2.56850    2.63614E-03
    2.56900    4.80369E-04
    2.56950    4.89174E-05
    2.57000    1.90489E-04
    2.57050    2.33284E-03
    2.57100    1.08536E-02
    2.57150    1.96635E-02
    2.57200    1.53896E-02
    2.57250    5.76536E-03
    2.57300    9.72730E-04
    2.57350    7.02864E-05
    2.57400    6.76498E-05
    2.57450    1.50234E-04
    2.57500    4.64435E-04
    2.57550    1.48849E-03
    2.57600    1.51976E-03
    2.57650    4.39861E-04
    2.57700    1.25036E-04
    2.57750    1.49480E-03
    2.57800    9.01993E-03
    2.57850    2.27736E-02
    2.57900    2.94524E-02
    2.57950    2.04180E-02
    2.58000    7.44139E-03
    2.58050    1.78394E-03
    2.58100    2.24446E-04
    2.58150    7.36249E-05
    2.58200    2.50571E-04
    2.58250    2.92329E-04
    2.58300    1.00811E-04
    2.58350    9.96234E-06
    2.58400    5.73564E-07
    2.58450    1.01644E-05
    2.58500    1.04099E-04
    2.58550    3.47114E-04
    2.58600    3.83984E-04
    2.58650    1.34896E-04
    2.58700    1.41135E-05
    2.58750    4.15259E-07
    2.58800    7.73058E-10
    2.58850    6.14685E-08
    2.58900    5.82730E-06
    2.58950    1.37129E-04
    2.59000    1.03550E-03
    2.59050    2.55482E-03
    2.59100    2.28052E-03
    2.59150    1.26387E-03
    2.59200    5.39003E-04
    2.59250    8.89576E-05
    2.59300    4.33847E-06
    2.59350    5.14225E-08
    2.59400  0.
    2.59450  0.
    2.59500  0.
    2.59550  0.
    2.59600  0.
    2.59650    1.29516E-08
    2.59700    2.36268E-06
    2.59750    8.43206E-05
    2.59800    1.03404E-03
    2.59850    4.75963E-03
    2.59900    9.11354E-03
    2.59950    7.86873E-03
    2.60000    4.64774E-03
    2.60050    2.75123E-03
    2.60100    7.50119E-04
    2.60150    6.49983E-05
    2.60200    5.84982E-06
    2.60250    9.52441E-06
    2.60300    5.50399E-06
    2.60350    8.13932E-07
    2.60400    3.07099E-08
    2.60450    1.22151E-10
    2.60500  0.
    2.60550  0.
    2.60600  0.
    2.60650  0.
    2.60700  0.
    2.60750  0.
    2.60800  0.
    2.60850  0.
    2.60900    2.69301E-09
    2.60950    5.82116E-07
    2.61000    2.21126E-05
    2.61050    2.66238E-04
    2.61100    1.08433E-03
    2.61150    1.57924E-03
    2.61200    7.90820E-04
    2.61250    1.22123E-04
    2.61300    5.76671E-06
    2.61350    9.44120E-06
    2.61400    5.49874E-05
    2.61450    8.50224E-05
    2.61500    3.46907E-05
    2.61550    3.73304E-06
    2.61600    1.05655E-07
    2.61650    1.85436E-11
    2.61700  0.
    2.61750  0.
    2.61800  0.
    2.61850  0.
    2.61900  0.
    2.61950  0.
    2.62000  0.
    2.62050    4.94590E-08
    2.62100    3.39033E-06
    2.62150    6.77962E-05
    2.62200    5.25843E-04
    2.62250    2.23750E-03
    2.62300    6.41913E-03
    2.62350    1.08452E-02
    2.62400    1.01490E-02
    2.62450    5.37306E-03
    2.62500    1.82351E-03
    2.62550    4.08479E-04
    2.62600    4.60204E-05
    2.62650    1.97978E-06
    2.62700    2.37133E-08
    2.62750  0.
    2.62800  0.
    2.62850  0.
    2.62900  0.
    2.62950  0.
    2.63000  0.
    2.63050  0.
    2.63100  0.
    2.63150  0.
    2.63200  0.
    2.63250  0.
    2.63300    8.50751E-10
    2.63350    1.08282E-06
    2.63400    6.21755E-05
    2.63450    1.10571E-03
    2.63500    7.21401E-03
    2.63550    2.18695E-02
    2.63600    4.42830E-02
    2.63650    7.04138E-02
    2.63700   0.123779
    2.63750   0.185466
    2.63800   0.198941
    2.63850   0.139015
    2.63900    9.40803E-02
    2.63950   0.135771
    2.64000   0.128158
    2.64050    5.31014E-02
    2.64100    1.37403E-02
    2.64150    3.48079E-03
    2.64200    1.29076E-03
    2.64250    9.07881E-03
    2.64300    3.61677E-02
    2.64350    5.35005E-02
    2.64400    3.25188E-02
    2.64450    1.32081E-02
    2.64500    5.22988E-03
    2.64550    9.54610E-04
    2.64600    9.78894E-05
    2.64650    1.05753E-03
    2.64700    1.02039E-02
    2.64750    4.47219E-02
    2.64800   0.105665
    2.64850   0.158865
    2.64900   0.167898
    2.64950   0.124930
    2.65000    9.27436E-02
    2.65050    7.01388E-02
    2.65100    2.98892E-02
    2.65150    5.70136E-03
    2.65200    4.31643E-04
    2.65250    1.46558E-05
    2.65300    5.84877E-05
    2.65350    5.05101E-04
    2.65400    1.48995E-03
    2.65450    1.45131E-03
    2.65500    4.61932E-04
    2.65550    7.52919E-05
    2.65600    3.15886E-04
    2.65650    1.25352E-03
    2.65700    2.92523E-03
    2.65750    3.58311E-03
    2.65800    2.34480E-03
    2.65850    1.58906E-03
    2.65900    5.66940E-04
    2.65950    6.46782E-05
    2.66000    2.23259E-06
    2.66050    1.33573E-08
    2.66100  0.
    2.66150  0.
    2.66200  0.
    2.66250  0.
    2.66300  0.
    2.66350  0.
    2.66400  0.
    2.66450  0.
    2.66500  0.
    2.66550  0.
    2.66600  0.
    2.66650  0.
    2.66700  0.
    2.66750  0.
    2.66800  0.
    2.66850  0.
    2.66900  0.
    2.66950  0.
    2.67000  0.
    2.67050  0.
    2.67100  0.
    2.67150  0.
    2.67200  0.
    2.67250  0.
    2.67300  0.
    2.67350  0.
    2.67400  0.
    2.67450  0.
    2.67500  0.
    2.67550  0.
    2.67600  0.
    2.67650  0.
    2.67700  0.
    2.67750  0.
    2.67800  0.
    2.67850  0.
    2.67900  0.
    2.67950  0.
    2.68000  0.
    2.68050  0.
    2.68100  0.
    2.68150  0.
    2.68200  0.
    2.68250  0.
    2.68300  0.
    2.68350  0.
    2.68400  0.
    2.68450  0.
    2.68500  0.
    2.68550  0.
    2.68600  0.
    2.68650  0.
    2.68700  0.
    2.68750  0.
    2.68800  0.
    2.68850  0.
    2.68900  0.
    2.68950  0.
    2.69000  0.
    2.69050  0.
    2.69100  0.
    2.69150  0.
    2.69200  0.
    2.69250  0.
    2.69300  0.
    2.69350  0.
    2.69400  0.
    2.69450  0.
    2.69500  0.
    2.69550  0.
    2.69600  0.
    2.69650  0.
    2.69700  0.
    2.69750  0.
    2.69800  0.
    2.69850  0.
    2.69900  0.
    2.69950  0.
    2.70000  0.
    2.70050  0.
    2.70100  0.
    2.70150  0.
    2.70200  0.
    2.70250  0.
    2.70300  0.
    2.70350  0.
    2.70400  0.
    2.70450  0.
    2.70500  0.
    2.70550  0.
    2.70600  0.
    2.70650  0.
    2.70700  0.
    2.70750  0.
    2.70800  0.
    2.70850  0.
    2.70900  0.
    2.70950  0.
    2.71000  0.
    2.71050  0.
    2.71100  0.
    2.71150    7.46271E-09
    2.71200    4.08152E-07
    2.71250    5.77449E-06
    2.71300    2.24869E-05
    2.71350    3.24894E-05
    2.71400    1.18316E-04
    2.71450    4.45578E-04
    2.71500    6.04868E-04
    2.71550    7.04037E-04
    2.71600    9.45985E-04
    2.71650    4.97751E-04
    2.71700    8.49472E-05
    2.71750    4.81223E-06
    2.71800    7.95806E-08
    2.71850  0.
    2.71900  0.
    2.71950  0.
    2.72000  0.
    2.72050  0.
    2.72100  0.
    2.72150  0.
    2.72200  0.
    2.72250  0.
    2.72300  0.
    2.72350  0.
    2.72400  0.
    2.72450  0.
    2.72500    3.43786E-09
    2.72550    8.05882E-07
    2.72600    2.99542E-05
    2.72650    3.76366E-04
    2.72700    1.75447E-03
    2.72750    3.64936E-03
    2.72800    7.77668E-03
    2.72850    2.18814E-02
    2.72900    3.50740E-02
    2.72950    3.32743E-02
    2.73000    3.91123E-02
    2.73050    4.55297E-02
    2.73100    3.12457E-02
    2.73150    1.84191E-02
    2.73200    7.97910E-03
    2.73250    7.04690E-03
    2.73300    1.02623E-02
    2.73350    6.63580E-03
    2.73400    1.88625E-03
    2.73450    2.15843E-04
    2.73500    9.37679E-06
    2.73550    2.99425E-05
    2.73600    2.76024E-04
    2.73650    8.22255E-04
    2.73700    7.91828E-04
    2.73750    2.57058E-04
    2.73800    3.09913E-05
    2.73850    1.38114E-06
    2.73900    1.82239E-08
    2.73950  0.
    2.74000  0.
    2.74050  0.
    2.74100  0.
    2.74150  0.
    2.74200    2.85219E-07
    2.74250    1.67434E-05
    2.74300    2.59645E-04
    2.74350    1.12757E-03
    2.74400    1.50164E-03
    2.74450    7.08162E-04
    2.74500    1.34187E-04
    2.74550    7.26413E-05
    2.74600    8.19766E-04
    2.74650    3.45077E-03
    2.74700    4.11042E-03
    2.74750    1.62636E-03
    2.74800    4.64222E-04
    2.74850    9.91428E-05
    2.74900    3.97107E-05
    2.74950    1.12449E-04
    2.75000    2.72961E-04
    2.75050    2.25304E-04
    2.75100    5.04539E-05
    2.75150    2.98142E-06
    2.75200    4.50252E-08
    2.75250  0.
    2.75300  0.
    2.75350  0.
    2.75400  0.
    2.75450  0.
    2.75500  0.
    2.75550  0.
    2.75600  0.
    2.75650  0.
    2.75700  0.
    2.75750  0.
    2.75800  0.
    2.75850  0.
    2.75900  0.
    2.75950  0.
    2.76000  0.
    2.76050  0.
    2.76100  0.
    2.76150  0.
    2.76200  0.
    2.76250  0.
    2.76300  0.
    2.76350  0.
    2.76400  0.
    2.76450  0.
    2.76500  0.
    2.76550  0.
    2.76600  0.
    2.76650  0.
    2.76700  0.
    2.76750  0.
    2.76800  0.
    2.76850  0.
    2.76900  0.
    2.76950  0.
    2.77000  0.
    2.77050  0.
    2.77100  0.
    2.77150  0.
    2.77200  0.
    2.77250  0.
    2.77300    2.66520E-10
    2.77350    2.00496E-08
    2.77400    3.77809E-07
    2.77450    1.78330E-06
    2.77500    2.10791E-06
    2.77550    6.24441E-07
    2.77600    4.62515E-08
    2.77650    8.58907E-10
    2.77700  0.
    2.77750  0.
    2.77800  0.
    2.77850  0.
    2.77900  0.
    2.77950  0.
    2.78000  0.
    2.78050  0.
    2.78100  0.
    2.78150  0.
    2.78200  0.
    2.78250    8.38924E-08
    2.78300    3.80616E-06
    2.78350    4.40936E-05
    2.78400    1.31333E-04
    2.78450    1.02332E-04
    2.78500    2.46771E-05
    2.78550    1.28573E-05
    2.78600    1.06914E-05
    2.78650    2.52232E-06
    2.78700    1.52624E-07
    2.78750    2.36056E-09
    2.78800    1.07191E-07
    2.78850    8.13460E-06
    2.78900    1.52285E-04
    2.78950    7.39647E-04
    2.79000    9.33600E-04
    2.79050    4.01153E-04
    2.79100    1.25820E-03
    2.79150    4.57812E-03
    2.79200    6.13691E-03
    2.79250    7.91617E-03
    2.79300    8.07466E-03
    2.79350    4.18372E-03
    2.79400    1.12827E-02
    2.79450    2.18905E-02
    2.79500    1.30209E-02
    2.79550    4.06567E-03
    2.79600    9.17343E-03
    2.79650    1.58233E-02
    2.79700    7.69597E-03
    2.79750    1.12372E-03
    2.79800    8.26521E-04
    2.79850    7.00086E-03
    2.79900    2.90093E-02
    2.79950    5.35208E-02
    2.80000    3.99908E-02
    2.80050    1.41603E-02
    2.80100    8.16306E-03
    2.80150    5.25740E-03
    2.80200    1.37133E-03
    2.80250    1.26905E-04
    2.80300    3.67799E-06
    2.80350    2.16667E-08
    2.80400    4.15539E-07
    2.80450    3.28079E-06
    2.80500    1.15962E-05
    2.80550    3.18687E-05
    2.80600    1.51171E-04
    2.80650    6.66623E-04
    2.80700    3.75033E-03
    2.80750    1.17382E-02
    2.80800    1.12231E-02
    2.80850    5.55076E-03
    2.80900    1.34713E-02
    2.80950    3.77404E-02
    2.81000    5.26864E-02
    2.81050    4.92516E-02
    2.81100    3.47226E-02
    2.81150    4.87988E-02
    2.81200   0.125513
    2.81250   0.158933
    2.81300    1.01133E-01
    2.81350    4.69394E-02
    2.81400    2.35216E-02
    2.81450    1.63181E-02
    2.81500    7.15731E-03
    2.81550    1.02543E-02
    2.81600    2.30568E-02
    2.81650    3.81845E-02
    2.81700    6.91011E-02
    2.81750    7.17183E-02
    2.81800    3.48098E-02
    2.81850    1.57872E-02
    2.81900    1.17363E-02
    2.81950    2.27773E-02
    2.82000    3.28932E-02
    2.82050    1.39404E-02
    2.82100    2.00513E-03
    2.82150    9.62986E-04
    2.82200    6.04452E-03
    2.82250    4.37365E-02
    2.82300   0.138730
    2.82350   0.224456
    2.82400   0.249512
    2.82450   0.192406
    2.82500   0.172525
    2.82550   0.190434
    2.82600   0.289760
    2.82650   0.308545
    2.82700   0.165275
    2.82750    6.59645E-02
    2.82800   0.117027
    2.82850   0.277408
    2.82900   0.348433
    2.82950   0.405702
    2.83000   0.453038
    2.83050   0.433093
    2.83100   0.406940
    2.83150   0.220348
    2.83200    6.20016E-02
    2.83250    4.59858E-02
    2.83300    5.01135E-02
    2.83350    2.19248E-02
    2.83400    4.36578E-03
    2.83450    1.49209E-03
    2.83500    3.76535E-03
    2.83550    2.38627E-02
    2.83600    6.65644E-02
    2.83650    9.23693E-02
    2.83700    7.02928E-02
    2.83750    3.86315E-02
    2.83800    2.22160E-02
    2.83850    1.25131E-02
    2.83900    4.10920E-02
    2.83950   0.113036
    2.84000   0.209938
    2.84050   0.289646
    2.84100   0.200746
    2.84150    1.02646E-01
    2.84200   0.128186
    2.84250   0.228789
    2.84300   0.346488
    2.84350   0.448027
    2.84400   0.513021
    2.84450   0.581912
    2.84500   0.472795
    2.84550   0.301061
    2.84600   0.224535
    2.84650   0.178578
    2.84700   0.168988
    2.84750   0.112529
    2.84800    9.13010E-02
    2.84850    1.00960E-01
    2.84900    6.80385E-02
    2.84950    3.76179E-02
    2.85000   0.118412
    2.85050   0.286894
    2.85100   0.387376
    2.85150   0.332130
    2.85200   0.204127
    2.85250   0.122805
    2.85300    6.86505E-02
    2.85350    2.26740E-02
    2.85400    1.05554E-02
    2.85450    5.94908E-03
    2.85500    1.02322E-02
    2.85550    2.43368E-02
    2.85600    7.77783E-02
    2.85650   0.204824
    2.85700   0.272392
    2.85750   0.319424
    2.85800   0.392779
    2.85850   0.412704
    2.85900   0.336409
    2.85950   0.168226
    2.86000   0.105973
    2.86050   0.160466
    2.86100   0.184883
    2.86150   0.323649
    2.86200   0.474922
    2.86250   0.496971
    2.86300   0.544977
    2.86350   0.548370
    2.86400   0.442921
    2.86450   0.366866
    2.86500   0.469400
    2.86550   0.558558
    2.86600   0.450554
    2.86650   0.233590
    2.86700   0.175106
    2.86750   0.305468
    2.86800   0.320947
    2.86850   0.282038
    2.86900   0.299453
    2.86950   0.344015
    2.87000   0.385138
    2.87050   0.387361
    2.87100   0.269768
    2.87150    9.75122E-02
    2.87200    6.28070E-02
    2.87250    9.56696E-02
    2.87300   0.126041
    2.87350   0.286362
    2.87400   0.478362
    2.87450   0.649139
    2.87500   0.729783
    2.87550   0.721234
    2.87600   0.692020
    2.87650   0.634344
    2.87700   0.469409
    2.87750   0.235782
    2.87800   0.262597
    2.87850   0.400127
    2.87900   0.403897
    2.87950   0.540406
    2.88000   0.642782
    2.88050   0.616171
    2.88100   0.542903
    2.88150   0.441903
    2.88200   0.546196
    2.88250   0.599684
    2.88300   0.524222
    2.88350   0.477117
    2.88400   0.346084
    2.88450   0.289478
    2.88500   0.434816
    2.88550   0.616555
    2.88600   0.654299
    2.88650   0.620983
    2.88700   0.575662
    2.88750   0.346760
    2.88800   0.146877
    2.88850   0.135701
    2.88900   0.154779
    2.88950   0.283967
    2.89000   0.492082
    2.89050   0.673564
    2.89100   0.638540
    2.89150   0.547495
    2.89200   0.524884
    2.89250   0.575575
    2.89300   0.549092
    2.89350   0.451469
    2.89400   0.585078
    2.89450   0.782930
    2.89500   0.832595
    2.89550   0.824502
    2.89600   0.823092
    2.89650   0.842020
    2.89700   0.851538
    2.89750   0.848143
    2.89800   0.819554
    2.89850   0.767634
    2.89900   0.681430
    2.89950   0.436780
    2.90000   0.190966
    2.90050    8.04939E-02
    2.90100    5.22625E-02
    2.90150   0.177364
    2.90200   0.366965
    2.90250   0.439223
    2.90300   0.562444
    2.90350   0.635965
    2.90400   0.454733
    2.90450   0.179353
    2.90500   0.133475
    2.90550   0.350234
    2.90600   0.504669
    2.90650   0.449374
    2.90700   0.481131
    2.90750   0.620807
    2.90800   0.614649
    2.90850   0.554749
    2.90900   0.648051
    2.90950   0.759177
    2.91000   0.772661
    2.91050   0.811187
    2.91100   0.891973
    2.91150   0.906852
    2.91200   0.843808
    2.91250   0.708414
    2.91300   0.549391
    2.91350   0.593320
    2.91400   0.532625
    2.91450   0.345238
    2.91500   0.495452
    2.91550   0.769385
    2.91600   0.864587
    2.91650   0.777137
    2.91700   0.555704
    2.91750   0.560811
    2.91800   0.767043
    2.91850   0.875260
    2.91900   0.912828
    2.91950   0.913540
    2.92000   0.850900
    2.92050   0.738098
    2.92100   0.602366
    2.92150   0.410188
    2.92200   0.198998
    2.92250   0.133223
    2.92300   0.149814
    2.92350    8.80086E-02
    2.92400   0.106390
    2.92450   0.278048
    2.92500   0.421402
    2.92550   0.553195
    2.92600   0.759390
    2.92650   0.855360
    2.92700   0.895248
    2.92750   0.894276
    2.92800   0.896422
    2.92850   0.919440
    2.92900   0.878229
    2.92950   0.728081
    2.93000   0.634454
    2.93050   0.775061
    2.93100   0.905109
    2.93150   0.948339
    2.93200   0.952087
    2.93250   0.921270
    2.93300   0.798097
    2.93350   0.660756
    2.93400   0.776352
    2.93450   0.902821
    2.93500   0.868471
    2.93550   0.830116
    2.93600   0.901471
    2.93650   0.929039
    2.93700   0.852116
    2.93750   0.612270
    2.93800   0.412329
    2.93850   0.535266
    2.93900   0.582152
    2.93950   0.526606
    2.94000   0.625587
    2.94050   0.752818
    2.94100   0.842912
    2.94150   0.852848
    2.94200   0.776636
    2.94250   0.701950
    2.94300   0.524318
    2.94350   0.293954
    2.94400   0.386065
    2.94450   0.627858
    2.94500   0.813171
    2.94550   0.886154
    2.94600   0.857624
    2.94650   0.694996
    2.94700   0.365423
    2.94750   0.169441
    2.94800   0.328133
    2.94850   0.600225
    2.94900   0.814623
    2.94950   0.901854
    2.95000   0.906888
    2.95050   0.921669
    2.95100   0.934276
    2.95150   0.912625
    2.95200   0.884223
    2.95250   0.827627
    2.95300   0.608257
    2.95350   0.336159
    2.95400   0.329959
    2.95450   0.354751
    2.95500   0.422713
    2.95550   0.546026
    2.95600   0.614572
    2.95650   0.806454
    2.95700   0.912714
    2.95750   0.872883
    2.95800   0.748171
    2.95850   0.755293
    2.95900   0.782054
    2.95950   0.756888
    2.96000   0.789198
    2.96050   0.781476
    2.96100   0.807608
    2.96150   0.856365
    2.96200   0.852847
    2.96250   0.796962
    2.96300   0.704986
    2.96350   0.728750
    2.96400   0.872661
    2.96450   0.942164
    2.96500   0.950822
    2.96550   0.931343
    2.96600   0.836771
    2.96650   0.755112
    2.96700   0.788955
    2.96750   0.716179
    2.96800   0.546853
    2.96850   0.501973
    2.96900   0.501303
    2.96950   0.410558
    2.97000   0.441363
    2.97050   0.335326
    2.97100   0.189865
    2.97150   0.193803
    2.97200   0.204897
    2.97250   0.289943
    2.97300   0.514177
    2.97350   0.547055
    2.97400   0.401034
    2.97450   0.308716
    2.97500   0.468761
    2.97550   0.610235
    2.97600   0.488289
    2.97650   0.448675
    2.97700   0.646504
    2.97750   0.830525
    2.97800   0.809276
    2.97850   0.587379
    2.97900   0.459506
    2.97950   0.475649
    2.98000   0.419790
    2.98050   0.542393
    2.98100   0.642221
    2.98150   0.565400
    2.98200   0.547219
    2.98250   0.740329
    2.98300   0.874824
    2.98350   0.816548
    2.98400   0.731269
    2.98450   0.814366
    2.98500   0.859664
    2.98550   0.878881
    2.98600   0.882006
    2.98650   0.834952
    2.98700   0.867769
    2.98750   0.923849
    2.98800   0.899121
    2.98850   0.823156
    2.98900   0.869983
    2.98950   0.948497
    2.99000   0.967438
    2.99050   0.960395
    2.99100   0.910352
    2.99150   0.816810
    2.99200   0.760632
    2.99250   0.792270
    2.99300   0.822826
    2.99350   0.788582
    2.99400   0.762209
    2.99450   0.786309
    2.99500   0.807097
    2.99550   0.876326
    2.99600   0.806686
    2.99650   0.528090
    2.99700   0.388324
    2.99750   0.623353
    2.99800   0.771542
    2.99850   0.629423
    2.99900   0.585653
    2.99950   0.804276
    3.00000   0.929646
